2000 200
47
39
15
42
0
36
44
23
21
43
42
23
12
38
16
7
27
35
6
5
10
30
0
15
5
12
9
26
7
20
47
11
46
33
35
32
22
5
29
4
11
33
5
28
49
16
22
32
29
6
10
2
16
11
40
33
29
32
5
9
26
32
18
22
6
41
22
19
40
14
8
37
0
40
49
30
22
20
49
46
45
3
35
8
19
19
35
9
23
42
14
23
48
3
46
10
20
18
27
38
21
43
39
33
18
36
4
48
34
16
35
40
26
36
40
10
25
7
27
6
19
9
40
37
36
15
3
24
30
27
6
39
16
3
25
9
8
35
37
6
0
48
33
22
19
1
14
33
2
16
42
10
2
5
12
5
49
22
35
39
37
34
12
4
30
30
13
2
44
5
10
38
43
35
15
32
26
25
46
35
10
42
24
28
20
32
3
20
37
24
45
5
13
39
5
4
39
45
4
23
14
32
44
37
15
44
25
48
27
46
15
39
31
3
43
8
18
28
12
21
10
29
13
6
40
26
16
2
13
27
36
29
26
15
13
8
13
29
9
25
16
19
20
28
46
47
28
10
21
20
47
10
19
42
19
32
46
40
20
43
8
48
47
17
44
19
10
14
22
17
46
27
39
21
18
25
8
9
16
19
24
30
23
46
9
43
31
1
8
21
28
33
40
45
0
1
10
3
8
6
30
8
22
28
44
19
9
9
11
38
48
29
48
25
0
14
26
27
46
0
45
11
43
19
46
24
8
16
23
9
31
14
8
9
30
29
25
19
12
15
35
12
29
24
16
18
36
25
29
29
14
41
21
22
1
22
24
30
49
11
20
28
11
31
44
27
30
10
33
10
36
2
25
30
11
33
19
29
47
30
27
18
0
41
35
19
29
0
25
3
32
26
26
10
36
27
2
28
0
34
13
12
4
7
12
34
20
9
27
41
26
0
27
22
25
25
32
45
34
27
29
42
32
36
38
37
9
49
23
32
32
39
38
13
35
0
35
10
38
28
37
39
41
29
41
36
39
9
33
22
17
18
1
17
37
0
36
14
31
19
6
41
4
13
3
25
10
2
20
45
34
15
34
5
37
17
35
7
12
24
39
27
35
49
28
1
4
24
49
36
22
46
28
36
49
14
9
17
47
28
34
43
28
14
4
42
42
41
5
44
35
4
22
47
30
42
21
47
27
36
32
28
43
26
36
29
44
38
21
26
0
39
24
3
12
23
38
19
10
9
6
26
47
37
8
15
36
12
5
39
1
8
38
2
26
9
8
7
28
46
11
6
36
31
43
44
45
16
35
4
16
40
17
17
39
17
47
21
4
47
17
6
20
14
32
1
0
5
34
37
11
43
30
40
47
26
17
47
24
12
7
48
49
2
19
29
21
37
2
8
29
38
16
36
16
17
36
26
38
33
47
44
29
10
19
45
11
20
30
18
0
47
40
21
36
43
35
19
20
16
13
39
21
13
36
27
39
42
16
7
9
1
34
34
4
40
45
44
33
33
18
12
12
42
31
43
5
45
36
34
41
19
49
0
23
44
40
7
4
45
5
23
26
25
33
41
7
18
32
7
45
38
37
14
38
5
3
20
46
16
30
20
3
46
22
49
2
6
15
6
39
31
7
20
9
34
32
13
0
40
43
16
27
27
21
47
18
9
25
36
21
12
28
13
10
24
34
35
17
8
14
4
26
29
32
48
21
19
15
40
27
14
40
1
47
33
27
8
1
11
9
30
49
37
18
44
49
29
30
25
23
40
38
15
34
27
9
21
35
18
15
35
39
28
31
26
40
16
45
23
31
44
5
3
2
0
48
6
36
6
21
1
19
7
34
19
46
20
42
23
38
31
34
42
18
25
7
48
47
5
3
36
35
34
30
15
0
7
25
27
37
41
42
38
39
38
23
48
4
18
21
0
30
43
17
9
48
37
32
23
46
9
20
16
17
13
35
34
40
42
28
49
10
15
18
46
47
31
0
29
46
49
31
0
41
30
45
27
1
23
39
46
14
13
1
2
3
20
15
2
7
1
1
4
27
28
6
12
14
28
38
43
30
5
5
10
40
13
4
45
48
12
2
15
46
43
13
42
41
21
23
26
26
0
23
23
34
21
6
23
34
39
46
31
42
3
9
13
23
43
38
11
44
39
12
31
47
0
39
24
13
40
39
36
26
12
43
28
46
44
18
40
14
25
5
23
11
33
48
37
3
20
34
35
19
2
8
12
33
11
28
46
17
2
28
12
29
46
32
4
42
22
9
44
34
19
33
32
12
42
13
6
9
45
49
17
22
29
13
10
15
46
3
0
20
20
23
30
20
35
17
35
26
37
11
33
42
47
8
24
25
32
14
13
33
37
7
46
20
21
22
2
2
19
26
33
38
1
12
29
14
12
48
39
35
26
17
37
3
48
41
29
9
39
10
39
17
2
5
40
38
46
30
18
1
44
12
30
21
14
41
47
29
44
30
49
6
42
4
43
5
15
43
36
7
31
19
8
38
12
32
29
10
22
48
35
33
33
33
1
9
38
44
30
45
36
11
42
27
34
13
9
37
46
33
41
47
49
44
31
30
45
47
31
45
21
13
45
27
26
44
3
18
6
3
48
37
35
2
36
19
14
37
39
39
8
20
9
37
40
19
17
36
40
36
33
32
14
38
1
16
37
0
13
34
40
43
31
23
4
12
11
24
33
32
41
16
3
46
11
25
2
5
0
4
18
34
1
18
37
26
31
35
19
42
28
18
13
5
22
14
49
42
19
12
44
2
44
0
22
18
24
25
28
26
39
9
41
3
10
25
32
39
10
25
26
43
6
7
10
32
37
12
8
45
11
15
11
10
9
13
22
12
21
9
40
30
2
8
48
43
3
8
15
36
43
27
17
22
32
3
38
48
9
0
16
34
10
9
3
41
13
34
26
44
40
39
28
10
3
34
17
6
18
5
1
29
15
44
33
34
27
44
45
9
26
30
37
4
32
7
0
27
4
6
9
20
24
0
20
48
47
28
12
12
0
6
0
33
22
1
29
0
47
22
15
11
9
5
12
42
45
40
10
4
29
11
7
44
49
38
44
23
48
32
35
0
9
21
16
42
31
29
11
5
31
49
32
4
40
1
13
41
17
7
39
9
48
3
7
40
43
18
25
39
9
46
2
46
4
18
27
49
34
25
41
48
47
37
4
46
38
10
31
48
45
45
17
41
4
43
14
26
2
21
16
38
9
34
2
38
28
11
38
1
17
12
45
8
14
16
4
15
9
48
6
17
33
6
46
35
2
39
0
18
18
47
31
42
15
5
46
42
14
11
32
36
18
32
43
14
19
5
28
0
31
10
44
34
31
49
10
28
36
48
20
41
36
1
24
37
40
41
0
7
29
39
2
6
23
45
5
46
49
40
49
18
36
6
2
8
1
3
19
43
9
22
23
34
22
4
2
17
43
43
39
29
5
5
21
38
21
48
25
5
33
46
30
38
21
15
49
10
32
43
40
30
14
18
2
6
38
33
14
1
17
12
14
2
30
42
15
8
37
13
39
39
32
23
44
35
5
46
34
47
49
18
42
24
47
20
6
9
31
49
5
31
30
44
23
6
7
3
35
29
42
31
39
17
3
42
32
29
9
30
16
40
23
20
42
34
46
46
25
19
18
4
8
34
22
35
27
32
10
45
41
12
41
25
18
47
32
20
31
49
21
4
0
0
37
38
4
31
18
5
48
4
5
10
11
28
5
37
15
9
35
37
21
22
12
16
19
5
34
26
8
7
15
43
5
30
38
46
18
47
0
44
48
45
23
9
44
20
23
45
42
39
48
33
37
45
24
24
7
45
13
22
26
40
23
27
31
37
30
41
39
29
2
28
42
23
13
17
2
22
27
40
45
45
47
47
23
13
28
2
45
9
3
13
14
21
24
48
42
18
8
21
11
34
5
16
32
49
14
8
27
20
22
35
23
11
2
44
48
16
39
28
48
16
35
11
8
47
26
33
44
20
7
27
2
3
26
40
28
40
11
28
33
49
16
35
2
44
47
32
30
29
34
23
38
28
1
2
35
46
30
46
21
45
33
44
12
0
4
26
33
30
29
1
41
11
49
46
37
21
47
37
11
5
28
43
31
12
34
1
26
42
18
31
8
2
43
37
24
16
23
48
36
34
17
3
30
9
36
2
5
29
38
6
11
1
12
13
13
24
17
14
14
33
5
0
5
25
18
2
26
15
37
37
23
31
19
26
34
49
46
19
22
35
42
34
8
48
26
11
30
3
27
5
36
38
0
0
30
7
19
2
18
0
2
42
37
28
7
25
29
13
0
44
34
38
20
1
11
35
43
21
22
40
27
36
19
40
47
45
16
13
4
45
44
26
18
5
15
9
44
3
1
32
22
22
40
39
27
24
25
30
49
32
29
12
9
6
37
6
19
34
23
42
42
39
29
15
24
18
39
5
49
16
43
26
45
3
28
49
11
32
42
24
39
1
41
22
27
37
35
23
49
41
13
18
30
13
6
49
33
16
36
32
39
17
17
24
37
21
41
22
25
44
3
