4000 10000
633
71
454
671
73
590
573
132
624
782
111
992
595
916
666
12
409
149
511
61
110
870
153
914
668
749
864
827
256
378
813
77
398
315
396
568
174
404
939
561
293
379
345
218
73
536
198
281
956
464
289
222
743
269
65
217
240
598
314
109
880
976
297
131
473
654
781
195
260
282
840
559
676
59
143
627
581
614
127
836
255
63
419
956
208
530
102
107
593
473
954
74
577
393
115
327
536
5
661
940
596
603
810
337
789
588
293
713
381
277
160
418
286
763
210
896
624
372
9
220
651
626
50
681
578
989
671
688
868
510
756
833
664
476
623
480
145
555
913
234
936
106
340
86
235
361
759
77
543
681
136
897
517
289
922
247
81
583
953
251
409
630
236
174
674
450
604
249
542
177
77
262
448
777
676
760
430
268
279
289
190
138
202
902
589
350
221
154
701
310
866
325
420
72
202
112
3
103
926
113
878
355
55
969
618
351
367
459
338
590
124
306
170
823
253
3
450
982
292
612
886
253
608
810
285
366
367
570
383
603
865
223
188
321
804
562
518
745
575
222
526
622
152
175
371
767
851
997
274
572
775
404
823
178
203
170
643
977
526
478
509
878
771
753
278
327
669
724
576
728
815
205
886
503
207
293
527
320
429
665
972
853
134
123
212
968
465
278
894
396
312
116
23
431
175
319
869
903
47
833
594
334
740
62
932
9
603
394
6
331
478
794
217
886
752
908
394
931
117
321
679
427
421
340
695
730
850
436
316
334
952
370
547
414
110
573
174
534
593
299
372
639
761
338
785
722
961
599
2
146
664
527
110
998
793
82
428
525
706
928
126
470
837
649
858
695
1
119
251
917
652
257
475
277
772
15
471
464
514
970
768
431
737
474
960
253
552
361
117
710
961
500
310
668
584
223
509
810
178
580
573
216
488
848
476
915
550
773
322
133
305
158
116
798
270
415
339
529
214
141
454
162
449
80
887
712
451
471
155
424
209
10
372
855
425
875
97
738
477
319
132
107
729
36
707
203
6
316
163
193
881
295
168
295
993
512
995
253
294
313
563
847
561
482
668
122
848
741
901
252
183
201
123
890
959
419
24
757
639
775
216
282
422
19
392
378
773
318
234
89
126
587
980
911
209
588
995
225
154
981
278
449
401
269
741
687
861
882
637
809
263
898
412
962
766
967
116
701
974
499
239
734
835
683
332
76
135
511
295
222
163
125
878
749
582
667
945
181
712
373
839
244
786
378
141
826
638
868
548
951
82
669
944
977
374
551
703
481
948
548
349
819
795
171
112
435
484
762
599
206
19
218
41
251
674
680
224
834
577
272
656
857
621
418
201
283
329
603
174
963
511
391
82
615
455
204
846
662
581
662
254
6
83
671
659
907
196
634
492
276
102
15
266
2
941
506
346
900
549
859
34
324
889
98
572
252
490
343
611
616
978
888
941
644
500
36
762
244
572
744
928
321
102
101
363
95
201
787
339
127
738
157
723
712
168
342
381
3
139
654
451
234
540
260
969
668
601
520
665
631
668
453
673
407
507
903
446
79
341
287
869
959
999
58
942
397
811
25
200
122
162
73
563
114
173
839
745
590
845
41
119
228
206
364
973
726
82
605
616
474
902
254
316
399
524
308
585
335
672
670
83
765
27
974
527
617
292
152
78
733
243
719
24
320
359
159
957
311
572
422
302
406
557
900
962
144
840
505
940
181
104
196
703
668
102
18
728
701
995
19
923
615
995
122
719
759
847
499
234
442
643
152
596
571
508
760
366
178
698
754
611
534
283
586
79
515
37
528
891
778
47
738
946
525
115
556
567
899
437
903
376
98
397
966
134
545
514
416
251
93
677
249
694
476
690
666
977
732
83
662
994
913
343
395
259
687
12
942
423
974
705
235
56
470
191
18
390
379
269
646
132
186
876
463
86
410
490
664
33
689
17
568
537
381
806
199
19
246
366
877
550
632
163
884
52
458
191
945
599
284
214
565
47
838
343
822
108
611
447
648
943
371
389
144
399
873
981
110
871
264
539
108
178
982
339
563
793
670
554
73
854
85
428
627
357
324
329
376
889
287
887
156
112
458
397
288
432
953
39
538
575
539
823
883
528
573
593
563
985
624
991
418
147
223
545
109
164
222
805
109
907
127
880
695
898
236
738
432
502
282
673
319
425
468
862
583
598
796
93
365
722
984
166
551
313
546
365
453
580
483
493
946
641
975
880
275
314
984
633
321
564
6
489
608
977
639
244
754
361
233
986
234
255
901
944
185
921
523
421
442
566
434
659
125
991
13
200
513
469
459
75
741
837
189
534
251
924
558
380
59
676
900
544
955
610
87
928
240
983
506
984
417
395
376
94
549
754
407
206
741
733
428
210
480
717
425
895
813
71
827
497
379
525
522
246
465
269
424
171
624
16
660
589
72
217
181
817
181
893
427
307
652
467
973
164
426
218
493
826
122
329
176
321
919
556
850
61
679
432
109
845
187
887
127
548
107
565
66
101
200
644
827
6
546
48
921
998
290
320
735
361
443
464
436
435
31
259
420
302
350
219
759
190
181
914
886
383
272
879
402
417
954
873
903
507
517
496
336
381
702
448
349
296
964
354
149
564
589
551
395
330
247
46
489
576
847
14
268
641
570
499
685
143
416
807
782
690
981
912
945
473
814
599
425
457
832
788
313
84
238
380
766
246
837
250
759
439
748
442
563
538
71
140
573
239
821
157
152
150
124
988
869
155
209
637
397
120
773
851
30
627
430
707
687
646
313
628
204
872
546
290
964
386
681
920
122
142
848
557
439
462
796
411
671
629
682
177
837
439
974
946
291
129
417
231
48
378
992
449
365
79
565
606
846
473
203
12
968
869
194
98
864
230
352
917
263
638
257
154
358
949
431
72
3
294
514
439
247
304
240
317
562
933
562
227
899
33
350
134
436
94
805
716
369
437
531
921
245
14
530
821
866
374
207
96
390
36
271
688
559
636
401
429
81
544
763
828
973
147
742
390
566
720
487
20
865
467
897
971
436
256
969
920
651
668
393
718
398
908
70
519
751
403
177
834
664
613
494
381
606
893
601
706
223
921
729
198
808
857
297
613
540
399
667
664
654
115
58
414
490
502
160
345
777
125
734
766
739
206
591
619
847
981
747
716
362
442
114
689
630
65
476
33
708
848
4
327
421
703
414
867
54
489
531
869
885
965
301
723
467
638
291
136
456
674
969
84
656
946
81
252
965
411
267
931
820
290
946
591
394
253
334
70
97
943
693
226
778
275
254
37
228
435
89
456
484
817
199
444
808
646
520
525
51
448
686
941
709
171
566
827
448
192
939
894
864
55
972
145
804
657
92
558
883
880
704
343
146
299
955
569
225
465
303
212
490
52
499
318
565
626
412
897
509
899
309
566
726
731
445
711
426
952
891
241
221
349
515
228
156
419
273
314
878
345
494
600
812
379
261
360
840
787
925
460
996
898
5
762
556
531
992
920
164
883
397
580
660
126
413
133
188
958
60
799
538
414
818
595
156
782
247
231
206
833
291
915
807
623
655
305
51
955
9
594
286
887
611
978
473
677
498
935
205
140
789
142
482
483
449
355
591
963
310
868
729
515
710
562
367
619
910
327
876
840
773
402
388
772
755
674
999
204
258
163
957
742
385
317
104
405
887
919
552
766
325
331
696
475
139
537
352
260
416
778
365
730
216
170
550
422
940
152
653
15
122
353
304
109
569
876
376
6
718
845
825
353
216
30
520
144
757
500
199
29
531
507
47
416
894
141
860
51
768
512
994
496
148
697
933
499
468
759
516
718
716
696
541
801
747
318
670
964
672
414
637
165
87
999
186
966
926
873
205
746
405
7
804
301
719
964
379
886
733
320
831
36
986
294
793
60
191
745
828
157
691
743
89
686
98
247
359
623
746
227
817
391
961
393
233
588
367
75
850
813
372
280
503
880
481
497
90
267
953
488
340
391
123
873
985
985
634
662
439
422
252
854
710
849
754
392
130
296
161
273
361
845
615
331
752
582
747
601
956
499
882
791
639
321
6
921
15
188
884
383
494
729
811
956
827
833
480
482
727
590
898
287
743
378
423
493
645
89
144
702
533
701
491
479
694
21
694
63
954
315
354
968
754
61
148
170
606
530
734
159
320
85
126
61
376
255
752
47
589
413
133
233
736
500
297
12
722
94
921
28
858
412
743
343
85
627
53
811
89
893
527
221
705
810
659
434
958
815
767
679
511
521
978
441
303
272
941
409
995
360
741
892
828
893
731
818
561
591
726
616
362
963
759
876
735
63
511
607
29
81
565
688
35
715
835
279
109
22
761
559
197
156
775
42
224
288
718
305
780
953
454
234
340
874
905
942
89
608
57
60
697
977
745
152
267
34
809
584
647
272
674
849
786
509
829
773
143
608
348
716
283
895
721
139
767
626
880
614
556
58
301
527
41
884
260
335
164
128
905
530
329
442
922
165
511
505
106
349
116
199
219
924
468
229
426
542
452
337
874
658
110
215
762
918
350
207
81
585
320
767
281
232
870
522
341
401
666
731
859
725
832
241
465
885
40
746
681
93
396
588
408
818
356
42
936
534
104
879
237
145
401
682
436
893
405
283
192
276
606
516
547
520
544
89
25
505
471
591
307
685
294
781
537
593
308
199
442
693
775
353
361
770
65
624
309
84
387
749
3
1
518
728
298
33
527
46
531
773
495
535
727
472
479
31
294
606
944
440
98
338
919
859
58
387
606
785
8
745
194
160
402
711
117
461
715
651
654
401
930
565
591
570
3
917
714
434
366
162
260
157
502
831
353
968
739
170
902
909
817
535
352
557
710
6
457
453
742
742
885
376
107
865
719
66
766
652
175
230
141
401
63
699
891
389
169
151
880
189
685
927
241
375
989
71
646
722
759
101
98
506
841
174
40
198
738
899
698
19
896
473
432
530
797
102
276
543
48
105
449
717
603
85
930
332
336
736
941
630
783
631
920
724
303
595
468
378
412
941
852
355
837
487
453
63
830
416
85
756
203
229
442
368
211
361
514
592
856
728
598
337
468
564
600
801
641
55
378
989
292
202
33
57
471
732
821
467
48
754
930
892
537
278
912
31
45
402
158
124
898
970
151
711
62
232
863
370
913
453
367
886
888
229
569
442
858
315
382
309
196
175
416
68
593
670
260
929
239
569
668
110
164
266
796
214
930
12
427
28
457
423
391
166
153
881
82
299
795
865
116
584
544
901
864
530
675
413
366
668
824
241
423
35
239
235
479
87
703
528
311
990
41
740
844
910
225
874
754
668
516
511
865
119
934
622
128
100
227
8
203
282
223
225
457
973
532
385
516
364
818
222
452
997
470
752
628
601
378
419
809
777
958
690
210
67
8
395
591
921
587
637
369
286
392
617
523
835
194
438
202
907
448
830
246
409
422
255
871
900
623
978
713
744
917
991
778
717
10
170
853
410
907
401
698
402
532
787
605
731
682
857
413
485
241
540
592
281
275
475
981
480
636
29
330
389
282
591
117
864
143
387
587
395
551
901
965
354
332
231
532
397
388
26
61
920
248
616
471
152
228
416
230
728
987
917
43
969
145
245
857
398
652
770
616
512
813
918
801
64
401
359
665
642
615
991
727
481
396
830
850
527
574
409
493
453
548
187
815
727
646
908
853
316
911
515
817
766
160
89
589
662
539
451
450
845
825
978
27
720
946
721
96
282
468
979
358
465
307
267
254
213
814
694
370
41
971
596
145
899
583
678
812
707
848
33
862
176
914
416
393
479
764
604
780
774
333
503
404
149
426
799
80
143
562
861
663
607
98
117
688
629
42
20
791
779
398
856
558
927
781
683
899
321
626
896
132
308
442
674
615
393
976
735
343
339
14
247
340
469
292
804
41
932
730
399
444
962
306
858
151
518
763
610
702
58
114
734
552
850
570
157
687
175
635
384
932
523
58
347
677
571
304
772
440
892
861
567
641
437
961
347
478
655
612
301
148
549
606
205
860
762
668
444
468
271
90
645
666
387
45
846
712
780
120
848
176
819
931
408
987
267
647
908
915
109
55
354
179
958
377
837
340
815
99
555
287
136
207
366
64
948
752
275
888
233
385
98
176
851
898
172
594
344
372
361
482
323
318
855
63
795
763
59
781
253
657
420
943
261
304
532
198
188
59
278
171
174
344
167
512
35
709
404
45
278
654
473
211
896
617
695
229
671
867
679
304
544
403
418
94
145
746
882
2
887
907
786
957
13
472
327
971
19
303
384
853
642
835
623
623
980
612
648
444
33
747
603
921
711
396
771
262
633
884
699
963
155
831
427
644
678
86
993
392
352
791
963
74
210
243
137
62
572
960
775
976
281
281
34
6
334
248
443
417
486
964
814
150
293
247
695
615
236
380
336
886
313
302
810
22
818
825
978
148
363
327
459
219
118
268
907
928
361
675
888
89
546
462
198
220
956
857
447
1
242
703
172
544
572
268
251
367
729
395
708
723
882
738
993
47
767
415
880
617
325
761
375
177
670
302
12
238
379
385
51
746
272
196
264
479
89
738
639
22
456
681
500
528
225
91
589
434
550
270
595
516
216
65
152
940
117
325
159
928
980
445
12
845
442
511
635
282
282
331
103
812
380
479
649
305
114
374
801
616
841
657
927
438
336
714
571
803
986
827
815
708
765
548
955
900
672
96
519
995
972
401
937
465
411
21
810
420
69
237
344
216
288
87
79
786
561
474
938
202
87
938
658
76
391
945
232
335
534
468
119
792
579
633
716
380
441
464
634
310
832
731
34
386
541
621
885
285
448
261
378
503
304
94
89
446
206
869
705
734
276
159
541
727
635
83
969
35
566
783
496
785
740
690
965
219
429
222
610
238
523
246
906
93
278
354
651
329
527
448
517
693
804
281
194
216
972
726
81
246
426
276
18
684
360
105
623
277
28
813
928
527
314
807
108
63
611
130
228
868
709
891
550
214
451
944
208
79
378
651
853
555
446
287
9
286
935
401
471
699
878
167
253
674
421
818
265
87
590
37
590
580
157
821
485
397
400
216
736
570
481
956
209
526
280
2
377
329
190
107
584
626
333
503
252
328
915
498
171
201
267
843
701
47
251
65
681
789
510
219
151
128
27
348
12
50
110
462
304
822
664
344
510
877
414
813
564
339
2
860
938
981
728
996
963
729
445
895
452
394
841
730
218
625
778
656
96
125
15
944
113
981
383
708
294
447
285
119
541
948
499
387
840
989
886
275
659
353
964
283
303
859
750
187
423
382
217
382
634
465
76
474
331
452
706
714
713
653
995
985
518
798
187
278
764
864
875
222
183
769
610
211
431
196
567
530
675
579
627
91
436
488
562
490
799
961
929
54
157
226
10
381
581
195
815
227
284
931
717
672
693
447
566
701
280
850
3
447
948
101
640
2
231
739
243
548
614
541
930
757
908
896
326
572
34
225
82
235
298
969
86
622
838
557
617
830
111
580
835
472
981
685
533
445
306
729
186
818
63
329
765
904
970
349
598
107
824
615
142
620
378
897
76
291
576
943
333
534
761
838
885
567
296
359
773
943
401
409
259
838
466
740
108
151
19
857
282
784
376
512
585
835
306
108
501
214
122
371
752
359
558
287
838
160
580
967
128
360
554
904
203
144
105
582
528
742
301
756
312
855
387
90
576
80
661
468
765
839
466
145
262
306
902
209
522
100
682
820
692
401
461
299
778
287
381
98
905
283
782
566
338
358
692
70
740
836
922
456
281
738
19
740
930
72
477
377
957
376
951
109
140
513
575
960
851
333
167
11
590
324
684
821
166
469
265
185
71
352
92
581
774
646
180
25
61
837
653
154
542
928
817
343
19
595
444
280
70
813
489
986
936
358
414
534
631
285
264
845
457
688
271
486
791
464
936
649
821
225
512
734
333
349
88
353
234
152
51
541
360
366
187
165
269
356
201
53
652
650
786
228
580
290
49
564
736
523
585
138
454
907
36
417
375
738
333
20
697
116
260
894
402
817
935
959
270
608
928
617
691
633
125
447
477
862
12
389
769
288
713
212
431
535
148
120
272
991
3
948
5
978
386
54
631
694
24
704
712
341
456
599
676
980
350
644
951
935
458
583
824
35
614
474
885
911
363
633
518
566
135
820
824
799
801
656
418
439
375
788
478
279
131
407
538
606
18
781
202
783
645
834
882
19
329
645
708
130
823
104
230
780
150
891
633
792
224
746
938
745
196
824
107
132
700
748
733
137
393
426
106
153
232
460
609
160
69
299
820
369
24
178
496
921
317
580
462
480
699
914
61
691
778
860
505
640
615
580
540
458
770
959
916
4
114
141
761
875
578
449
170
585
712
43
957
986
169
418
305
383
792
500
383
305
747
398
23
709
93
13
165
285
210
363
376
334
680
410
745
551
631
304
492
715
347
251
75
113
756
710
598
322
332
32
144
429
445
913
269
149
992
246
802
988
60
178
795
451
279
105
245
773
884
914
607
151
460
630
820
257
606
605
32
510
76
823
750
829
933
70
2
532
918
28
860
476
693
403
278
728
291
27
976
422
987
248
311
636
936
820
363
348
129
646
615
261
297
536
841
968
293
721
485
986
3
506
616
684
726
469
243
689
869
59
141
500
415
608
715
979
365
794
920
117
802
688
824
901
889
342
698
590
508
381
773
28
388
18
133
827
943
568
980
119
682
724
78
749
988
6
359
327
79
565
31
306
411
523
389
425
368
963
817
392
237
598
933
894
905
991
573
601
80
157
931
221
895
599
928
748
373
398
650
207
795
604
572
829
782
688
397
615
847
417
53
163
15
774
91
149
515
470
468
157
304
34
9
130
940
737
347
568
77
786
417
513
927
320
388
456
395
537
516
705
940
348
633
590
984
3
828
477
816
458
753
726
420
481
556
365
838
786
815
63
869
699
387
125
112
978
722
367
953
658
811
884
759
507
305
615
218
646
706
762
80
56
387
910
186
25
756
592
103
855
412
747
443
486
762
283
780
418
484
888
887
201
305
57
377
599
384
273
312
176
430
60
309
700
451
203
620
537
880
779
36
180
641
260
704
241
31
437
184
437
