1010 100
1
18
18
1
18
15
7
5
18
7
8
14
6
2
8
16
16
8
11
11
18
4
15
11
3
2
10
9
14
15
19
17
17
5
15
18
16
13
2
1
1
8
10
9
2
10
5
14
9
8
6
13
14
9
1
13
4
19
17
15
3
4
5
13
19
9
7
2
3
5
5
10
13
7
7
5
19
18
11
15
13
14
16
19
8
14
12
14
17
16
8
8
5
14
6
16
11
3
10
15
17
17
19
19
11
14
6
14
19
10
12
1
14
3
12
17
14
15
7
18
5
11
11
9
13
1
8
16
13
2
4
10
15
17
10
11
4
2
3
4
7
15
14
5
19
12
17
4
4
9
14
5
4
5
5
13
7
18
8
17
5
12
7
4
12
18
15
18
13
15
8
17
3
7
16
18
4
5
1
17
13
3
11
13
18
6
3
6
19
1
1
2
6
15
13
4
5
17
2
10
17
6
1
15
18
11
4
12
5
7
11
6
2
16
16
7
15
13
5
17
14
1
18
8
1
4
17
18
13
6
2
11
5
13
6
12
17
10
5
19
14
17
1
1
18
19
18
11
4
8
7
6
13
19
5
11
13
11
16
14
7
7
7
10
5
8
18
5
15
12
1
15
16
11
6
13
13
15
12
15
17
4
14
17
17
16
8
1
11
14
15
19
10
8
12
12
5
6
17
13
7
9
6
18
4
18
11
13
2
8
12
18
13
1
8
14
11
19
4
7
2
14
18
18
6
6
5
15
17
8
12
1
19
19
10
1
9
2
9
10
10
6
7
2
3
13
3
4
4
3
11
4
10
5
16
14
19
19
10
8
2
16
2
12
8
19
2
16
13
2
16
19
12
5
6
2
2
3
9
18
2
2
1
4
16
5
3
14
9
3
10
12
13
15
2
10
7
9
3
6
6
13
13
2
7
19
17
14
13
16
15
9
2
9
7
2
15
7
13
18
8
15
4
16
18
17
3
15
3
15
16
8
18
8
5
9
5
8
17
10
9
9
14
19
16
7
13
3
18
9
1
13
1
19
3
9
11
5
3
6
15
17
5
13
16
19
7
18
7
4
11
10
16
16
10
16
11
1
4
1
6
2
4
17
6
4
6
19
11
10
14
2
15
15
18
11
7
3
19
7
13
9
4
16
12
8
2
16
2
5
4
17
8
7
8
10
12
19
12
10
18
13
13
11
9
8
13
1
12
4
10
1
16
2
3
17
1
18
8
16
1
1
13
8
8
13
6
6
1
9
12
8
2
11
14
3
8
8
8
17
17
9
9
3
3
7
8
13
11
11
17
1
14
2
5
6
15
4
2
12
18
9
9
6
1
18
8
14
4
7
11
16
17
8
15
14
10
10
10
9
11
19
4
13
13
13
5
8
16
12
7
13
6
10
18
3
7
10
11
17
2
17
17
2
9
6
5
11
2
3
16
4
6
1
13
12
11
11
12
10
13
5
4
13
14
6
3
19
4
15
13
9
14
12
9
16
14
19
7
6
13
14
10
5
9
17
11
6
6
4
5
17
4
15
16
16
15
14
13
6
12
11
16
12
9
11
10
16
5
13
14
17
1
3
16
16
8
17
12
13
18
1
12
2
11
14
15
15
15
4
16
17
17
13
8
17
4
16
16
15
4
17
3
16
15
6
16
17
15
16
1
12
18
5
13
4
19
7
11
16
13
11
2
4
2
19
8
12
7
12
19
3
11
8
5
10
6
4
12
14
14
3
15
14
8
13
6
13
14
2
4
7
11
12
6
8
5
10
16
12
11
18
2
2
19
2
15
5
5
18
1
18
6
12
17
1
1
9
17
3
6
3
4
13
5
15
17
16
15
12
15
6
2
8
16
8
15
1
19
2
18
16
12
2
6
7
16
1
15
8
8
19
9
5
18
11
18
5
8
7
11
5
12
6
3
9
16
6
13
8
13
11
2
19
10
6
19
5
6
18
14
16
7
2
4
9
2
18
12
7
3
10
16
5
15
19
16
16
7
15
13
5
9
12
17
5
19
5
5
7
1
6
16
12
16
10
1
5
11
7
2
3
16
2
1
10
3
15
17
14
9
14
7
3
5
4
6
1
16
4
1
13
15
8
5
18
12
2
12
15
19
1
7
5
16
8
18
12
9
15
12
9
2
6
18
9
17
16
6
18
19
16
10
13
16
10
10
6
15
18
4
17
17
8
10
13
4
16
4
18
7
14
10
3
6
15
6
15
19
1
8
13
17
13
18
16
5
12
4
7
10
19
7
7
17
18
7
7
16
1
0
0
0
0
0
0
0
0
0
0
