3200 64000
1262
1261
1215
1304
1261
1868
1325
1805
1644
1488
1830
1768
1397
1221
1307
1221
1579
1552
1432
1206
1390
1857
1479
1860
1711
1734
2033
1636
1301
1824
1242
2176
1508
1571
1400
1205
1668
2128
1820
1462
1421
1012
1936
1496
1848
1734
1941
1571
1802
1631
1702
1462
1605
1860
1656
1764
1465
1128
1983
1187
1161
1314
2192
1878
1537
1910
1260
1841
1990
1611
1582
1675
1472
1053
1772
1524
1579
1592
1490
2060
1800
1551
1842
1379
1772
1473
2083
985
1849
2043
1771
1253
1969
1764
1030
1667
1182
1006
1547
1514
1088
1568
1693
1452
1706
1862
1791
1948
1168
1409
1718
1504
1988
1518
2007
1663
1479
1312
1554
2125
1402
1819
1653
1700
1599
1634
1922
1794
1404
1905
1495
1176
1615
1721
2345
1672
2091
1069
1476
1857
1499
1619
1536
2131
1180
1369
1954
2223
1758
1178
1548
1849
1992
1963
1366
2040
1179
1643
1669
711
2389
1312
1413
1922
1948
1686
770
1790
1246
1546
1980
1549
1823
1641
1416
1523
1449
1524
1560
1531
1515
2126
1569
1402
1761
1360
1827
1281
1592
1387
1550
2063
1319
1189
1639
1249
1482
1484
2191
1537
1456
1667
1304
1807
1729
1928
1496
1160
1796
1401
1518
1677
1429
1525
1886
1700
1571
1929
1749
1508
1846
1520
1017
1240
1911
926
1635
528
1409
1426
1361
1878
1494
1268
1789
2333
1501
1962
2620
1237
1419
1888
1295
1809
1507
1472
1682
1596
1683
2133
1485
1541
1475
1553
1493
1744
1827
1941
1124
1867
1211
1439
2378
1417
972
1369
1468
1546
1903
1554
1248
1931
2028
1350
991
1582
1488
1385
1416
1360
1904
1397
1429
1411
1811
1341
1703
1834
1589
1627
2063
1528
1883
1026
1740
1590
2016
1637
1503
1596
1925
1283
1522
1551
1992
1728
1506
1226
1684
1226
1676
1059
1646
1722
1890
1381
1638
1739
1309
1550
2007
1770
1997
1774
1525
1372
1895
1942
1636
1592
1529
1455
831
1694
1566
954
1184
2016
2336
893
1390
1392
1224
1615
1641
1405
1882
1662
1603
1367
2186
1035
1758
1708
1442
1299
1894
1513
1179
1453
1225
1696
1368
2112
1244
1461
1364
1512
1806
1576
1280
2186
2190
1619
1382
700
1922
1690
1359
1616
1951
2006
1633
1306
1569
1810
1175
1957
756
1760
1816
1849
1804
1526
1574
1536
1611
1771
1909
1025
1531
1264
1324
1955
1671
1297
1109
1903
1326
1834
1489
1495
1889
1860
1853
1672
1230
2169
1657
1805
1412
2179
1983
1632
1451
1713
1283
1542
1757
1855
1726
957
1516
1830
1087
1889
1321
1900
2085
1604
1103
1734
1225
1417
1976
1938
1710
1554
1215
1622
1724
1220
1486
1583
1776
1626
1513
1257
2053
2084
1740
1645
1234
1291
1359
1244
1743
1809
1923
2315
1590
1557
1817
1647
1635
1341
1802
1884
1778
1797
2008
1264
1480
1878
2038
952
1816
1239
1474
1463
2004
1267
1523
1857
1431
1650
1725
1692
1886
1383
1514
1955
1761
1435
1848
1315
1464
1880
1433
1777
1794
1126
1617
1265
1577
840
1794
1399
1446
1141
1595
1980
1948
1419
1322
1715
1260
2155
1182
1664
1555
1823
1212
1607
1799
1181
1321
1965
2031
1531
1815
1289
1633
1975
1218
1790
1440
1730
1613
1722
1768
1927
1538
1737
1391
1925
1478
1480
1482
1623
1888
1796
1188
1612
1949
1552
1863
1685
1575
1681
1924
1457
1470
1412
1273
2243
1694
1568
2020
2036
1446
1559
1496
845
1688
1309
1649
1823
1282
2191
968
1531
1468
1803
1945
2221
1839
2266
1852
1594
1420
1786
1802
895
1328
1871
1747
1457
1638
1377
1520
1440
1175
1675
1713
1768
1556
2232
1061
994
1943
1817
1151
1202
2411
1386
1888
1222
1082
1249
1794
1781
1300
1466
1046
2075
1237
1525
922
1600
1655
1200
1624
1401
1343
1361
1769
2089
1825
1036
1650
1456
1503
1351
1546
982
2232
1731
1707
1552
2093
1918
1741
1394
1202
1705
1935
1316
1448
1437
1493
1947
1625
1705
1307
2006
1799
2225
1749
1682
2186
1431
1973
1487
1864
1519
1218
1468
1233
1802
1758
1550
1742
1428
1772
1350
1835
1306
1550
2219
1634
1399
1802
1615
1398
1597
1483
1599
1606
1455
1661
1220
1251
2290
1474
1471
1491
1511
1282
2605
1456
1714
1744
1779
2000
1412
2023
1531
1319
1341
1578
1531
1278
1344
1550
1549
1482
1445
1857
1469
1627
1259
1403
1874
1909
1849
1885
1157
1565
1958
1583
1036
1133
1678
2163
1799
961
890
1648
1435
1433
1500
961
1861
1233
1651
1676
1219
1964
1455
2096
1721
1717
1423
1923
1556
1302
1918
1667
1863
1453
1565
1197
1424
1565
1671
1721
1356
1397
2111
1218
1673
1366
1012
2289
1664
1253
2556
2132
1551
1197
906
1617
2221
1548
1277
1065
1668
1985
1681
1078
1707
1390
1248
1771
1847
1388
1234
1324
1461
2263
1658
1770
1817
2101
2862
1833
1691
907
1867
1181
1574
1715
1741
1328
1172
1799
1664
1944
1920
1574
1624
1693
1080
1255
1558
1167
1747
1813
1173
1658
1584
1852
1943
1273
2141
1500
1700
1938
1367
1925
1425
1709
1385
2042
1472
1734
1788
2284
1644
1526
924
1417
1062
2391
1147
1859
1202
1340
1272
2151
1702
1569
1556
1493
1462
1723
1501
1176
1517
1512
2296
1713
1231
1718
1904
1610
1781
939
1561
1913
1586
1421
2038
1074
1305
1677
1501
1272
1823
1132
1537
1575
1824
1746
1863
1815
1479
1502
2181
1305
2061
1269
1039
1605
1175
1754
2034
1639
1591
2031
1616
1767
1444
1445
1572
1726
1295
1033
1182
1547
815
1597
1471
1526
1314
1804
1479
1782
1353
1657
1697
1255
1781
1905
1361
1475
1243
2008
1256
1119
2419
1450
1733
1336
1309
1533
2122
1786
1789
1669
1563
1589
1508
1631
1099
1955
1942
1724
1489
1888
1313
1421
1611
1732
1379
1917
2240
2390
1382
1852
1389
1681
1806
1409
1869
1977
2161
1359
828
1608
1051
1923
1592
1781
1464
1510
1360
1242
1525
1582
2273
1921
1602
1434
1867
1794
2019
1074
1848
1706
2041
1842
1540
1467
1721
1834
1441
1527
1699
1864
1980
1429
1200
1566
1812
1924
1767
1565
1501
1542
1283
1724
1376
1721
1529
2022
1059
882
1469
2064
1355
1692
1387
1583
1304
2491
1224
1826
1933
1422
2200
1448
1632
2192
1341
1563
1739
2019
1471
1889
1248
1392
793
2341
1571
1193
1097
1339
2166
1434
1340
1499
1073
2266
1696
1488
1442
1607
1785
1401
1271
1687
2013
1721
1382
1671
1789
1005
1234
1853
1843
1635
1451
1636
1257
1810
1794
1164
1493
1688
1636
1970
1159
1339
1924
1538
1393
1521
1170
1321
1218
1164
1878
1143
1719
1891
1658
1575
1504
1246
2037
1411
1679
1721
1518
2099
1414
1524
1339
1374
1207
1519
1473
1782
1373
1328
1790
1938
1304
1622
1293
1511
1171
1894
1172
1553
1831
1418
1340
1675
1141
1857
1374
1597
1928
1989
1579
2084
1561
1702
1266
1889
1469
1029
1410
1487
1806
1568
1098
1887
1741
1347
1970
1052
1873
1814
1811
1822
1986
1381
2197
2495
1254
1401
1415
969
2043
1549
1491
1402
1746
1672
1805
1426
2069
1413
1433
1415
1493
1605
1521
1474
1660
1461
2784
1410
1645
1801
954
1854
1548
1310
2303
1396
1804
2019
1587
1937
1628
1004
1619
1361
2256
1428
1810
1383
1256
2224
1789
1700
1784
1284
1628
1030
1677
1628
1477
1955
1087
2228
1872
958
1788
1254
1634
1384
1962
1410
1951
2537
1119
1840
1714
2053
1431
1911
1343
2403
1093
1205
1646
1770
1713
1692
1659
1476
1127
1706
1591
2011
1477
2267
1813
1074
2094
1579
1519
1502
1134
1175
1706
1433
1794
1465
1524
1642
1739
1670
1425
1489
1782
1335
1785
1736
1425
1638
1436
1447
1975
1974
1705
1393
1926
2150
1524
1498
1904
1585
1802
1618
1505
2012
1862
1513
1402
1144
2098
1172
980
988
1578
1569
2131
1856
897
1699
1521
1652
1732
1796
1542
1505
1050
1776
1884
1627
1444
1649
1460
1757
2141
1472
1622
1633
1794
1868
1442
1836
1124
1552
1446
1569
1264
1798
1648
1349
1573
1532
1913
1411
2069
1313
1506
1543
1375
2026
1764
1803
1696
1897
1309
1666
1307
1831
1170
1523
1940
1365
1182
1748
1516
1828
1654
1855
1268
1725
1304
1678
1530
1716
1274
2236
2017
639
1303
1485
1872
2312
1932
1474
1439
1832
1166
1571
1557
1784
1115
1489
1378
1926
1425
1347
2246
1757
1849
1579
1115
1827
1114
2070
1902
2032
1660
1774
1603
1834
1775
961
869
1350
1219
1349
1418
2155
1445
1554
1856
1800
819
1975
1861
2077
1709
1578
1478
1957
1439
1596
1881
1444
1867
1116
1335
1288
1428
1772
1719
887
1600
1140
1240
2210
1737
1583
1504
1798
1300
1001
1862
1131
1286
1622
1564
1825
1698
1297
1082
1555
1836
1659
1585
1553
1093
1970
1504
1579
1706
1933
1888
1347
1354
1384
1792
1696
1378
1302
1684
1720
1977
1261
1763
1455
1502
1101
1790
763
1546
1498
1515
1612
1538
1767
2135
1694
1648
2020
2183
1409
1294
1967
1755
1588
2117
929
1765
1480
1889
1403
1992
1978
1878
1892
1628
1523
1596
1845
1424
1855
1323
1376
2145
1224
1202
1712
901
991
1727
1682
1497
1933
1304
1373
1793
1563
1801
1584
1503
1357
1173
1770
1305
1897
1805
1546
1916
1074
2114
1463
1914
1575
1851
1495
1594
1588
1776
1324
1260
1649
1696
1305
1188
1228
1202
2201
1422
1539
1587
1666
1355
1484
1782
1654
2119
1520
1110
1842
1102
2087
1096
1485
1447
1795
1806
1682
1350
1397
1336
1857
1744
1955
1667
1470
891
2087
1572
1994
1366
1690
1425
1203
1401
2353
954
2039
1844
1488
1931
1993
1635
1511
1793
1792
1349
1577
1471
1895
853
1368
1100
1028
1875
1461
1678
1118
2258
2094
1631
1294
1356
2137
1509
1800
1234
1666
1769
1318
1412
1663
1559
952
2060
1349
1507
1923
1347
2166
1820
1576
1376
1655
1653
2038
1489
1214
1868
1310
1047
2184
1072
1308
1369
1646
1441
1056
1335
1098
2457
1801
2240
1830
2116
1395
1413
1930
1468
1752
1962
1894
1796
1312
1438
1525
1295
1434
1779
2112
1671
2059
1423
1048
1159
1560
1710
1798
1493
1092
1364
1586
1528
1902
1453
1639
1652
1534
1659
1243
1282
2012
1927
1173
1908
1711
2397
1384
906
1141
1415
1745
1828
1669
1677
1464
1751
1498
2247
2030
1364
2220
1673
1655
1727
1785
1370
1607
1575
1722
1900
1702
1401
1625
1641
2039
1236
1972
1702
1794
1511
1548
1737
1379
1174
1248
1647
1216
2147
1448
1640
1190
1582
1364
1979
2160
1443
1498
1942
1579
1559
2384
1451
1699
1793
876
1483
1412
1721
1642
1357
1392
1500
1611
1826
1570
1977
1239
1231
1292
1896
1143
1506
1490
1912
1716
1657
1656
1585
1110
1614
1533
2148
1825
1661
1783
2074
2120
1605
1497
1664
1330
1282
1817
1825
1395
1646
1214
1989
1354
1520
1396
1638
1140
1271
1064
1451
2065
1330
1518
1112
1972
1996
1107
2122
1943
1938
1947
1827
1622
1417
1778
849
1163
1495
1462
1970
1177
1973
1379
1274
1525
1176
1034
1929
1095
1500
2527
1457
1418
1936
1585
1556
1800
1491
1201
1306
1204
1511
1412
1814
1217
1667
1641
1593
1831
1891
1126
1901
2144
1602
1711
1508
1693
1561
1423
962
1943
1929
1368
1608
1809
2133
1822
1728
1447
1726
1754
1509
1356
1963
2066
2194
1190
1154
1017
1875
1088
1815
1139
1611
1788
1901
2216
1492
1555
1234
1867
1203
1827
2083
1441
1929
1315
1537
1683
1599
1912
1622
1347
2132
1153
1627
1856
1574
1138
1866
1591
1048
1515
882
1978
1931
1255
1731
1146
2109
1964
1547
1724
1399
1662
1152
1302
1645
1598
1126
964
1641
1622
1471
1171
1147
1474
1591
1609
1061
1499
1268
1286
1419
1691
1558
1822
1690
2054
1687
2275
1919
1145
1694
1568
1575
1485
758
2056
1510
1652
1417
2104
1714
2038
1202
1545
1340
1768
1492
1360
2052
1788
2070
2308
1858
1895
1679
1371
1692
1405
1603
1890
1614
1333
2569
1508
1919
1822
1674
1907
1903
1494
2025
1362
1823
1631
1676
711
2154
2066
1349
1143
1373
1951
1278
1715
1581
1575
2006
1305
1505
1813
1632
2008
1507
1421
1319
1216
1936
1517
2157
1909
1927
1766
1993
1968
1772
2101
1228
1591
2114
1220
2014
1888
1867
1672
1836
1863
1639
1911
1366
1139
1271
1401
1761
1981
2279
2199
1822
1788
1551
1262
2015
1302
1419
1396
1787
2127
1544
1556
1471
1147
1921
1404
1452
1736
1933
1281
1891
1025
1881
1772
1560
2015
1690
1747
1705
1956
1904
1756
1209
1863
1599
1365
1770
1192
1862
1659
1183
1070
1623
1523
1740
1366
1664
1501
2231
831
1129
2071
2256
1507
1510
1270
1864
2233
2058
1597
1389
1182
1630
1681
1034
1345
1192
1543
1614
1471
1953
1364
1430
1368
1955
1598
1157
1122
1113
1607
1403
1788
1503
1533
1272
1538
1804
1845
2053
1831
1476
1827
2284
1832
1698
1709
1597
1238
1087
1889
1795
2233
1561
1556
1414
1091
2202
2011
2008
2270
1577
1771
2005
1379
1503
1324
1535
1824
1405
1601
1447
1425
1955
1452
1845
1708
1792
1548
1371
1311
1867
1742
1689
2039
1960
1038
1986
1044
1654
1873
1391
1769
1987
1412
1297
1515
2215
1325
1676
1636
1316
1221
1741
1146
1346
2265
1810
1238
1827
1593
1107
1739
1970
1542
1189
1199
1757
2195
1711
1549
2107
1855
1488
1960
1663
1624
1619
2062
1863
1095
1365
1452
1593
1661
1987
1284
1426
1462
1340
1588
1110
1351
1532
1748
1015
1762
1398
1488
1628
1245
1463
1438
1338
1899
1492
2208
1821
1278
1407
1604
1287
1127
1406
1405
1526
1637
1577
1319
1865
1336
1561
1541
1600
1557
1648
1582
1758
1949
1934
1962
1056
2069
2108
1759
887
612
780
2282
1101
1170
1532
1144
1608
1337
1802
1927
1646
1946
2239
1506
1682
1232
1335
1962
2009
1548
1432
1355
2015
1527
2135
1307
1795
1650
1501
1414
1657
1930
1493
1625
2111
1695
1344
1187
1814
2029
1753
1611
1697
1236
2346
1834
1330
887
1283
1482
1864
1379
1315
2066
1586
1013
1108
1967
1709
1777
1286
1018
1708
2172
1171
1235
1594
1947
1460
1840
1505
1791
1828
1797
1643
1866
1552
1900
1697
1857
1160
1608
1489
1084
1129
1270
1533
1513
1386
1755
1126
1355
1553
1500
1771
1523
1672
1264
1740
2055
1503
1436
1453
1278
1593
1283
1826
1891
1392
1530
1609
1303
1960
1475
1739
1997
1709
1683
1460
1758
1710
1887
1724
2254
1304
1552
1587
1542
1879
1208
1442
1567
1217
1429
1840
1200
1529
1187
1307
1375
1679
1398
1371
1706
1820
1771
1534
1551
1598
1653
1827
1836
1146
2124
1216
1738
1534
1654
1515
1699
2048
1821
1270
1132
2364
1716
1800
1511
1634
1623
1862
1917
1296
1775
1912
1613
1465
1289
1526
1733
1455
1787
1442
1582
1857
1242
1629
1694
1793
1521
1708
914
1384
1871
1136
1095
1652
1501
2171
1713
1814
1555
744
1874
2454
1858
1971
1168
1838
1608
1346
1689
1634
1341
1705
1582
2269
1555
2159
1568
1647
1355
1611
1499
1367
1473
1468
1696
2155
1168
1285
1652
1542
2272
1531
1542
2357
1462
1239
1504
1636
1839
1621
1919
1236
1102
1866
1986
1367
2202
1945
1210
1406
1820
1570
1246
1369
1537
1281
880
1524
1262
1694
1419
1691
1314
1070
1747
1152
1652
1860
1155
1764
1672
1538
1986
1639
1302
1217
1159
1546
1297
1078
916
1096
1686
1492
1608
2386
2327
2226
1274
1773
2070
1730
1721
1702
1579
1390
1396
1494
2004
1233
2046
1317
1497
1611
1093
1838
1210
1441
2132
2025
1357
1461
1558
1982
1145
1817
2019
1741
1336
1436
1820
1318
1262
1610
1623
2296
1269
1765
2216
1626
1372
1599
662
1580
1604
1698
1876
2236
1100
1293
1831
1470
1249
1657
1506
1556
1688
2133
2211
760
1530
1212
1398
1683
1459
2266
1859
2032
1743
1119
1929
1394
1409
1205
1222
1378
870
1144
1785
1820
1703
1821
1261
636
1642
1774
1983
1104
1633
1659
1427
1544
1881
2226
1243
1268
1701
1652
1621
2291
1284
1019
1169
1669
1365
1748
1368
1379
2076
1310
1761
1550
1502
1441
1401
1190
1299
1235
1704
1622
1914
1561
2024
1868
1783
1476
2011
2111
1396
969
1547
1996
1557
1493
1715
1378
1361
1273
1416
1421
1745
1749
1873
1920
1771
1905
2224
1292
1395
716
1911
2071
1366
1470
1882
1682
2403
1911
1466
961
1707
1602
1385
1872
1547
1610
1271
1450
1966
1976
2043
1637
1601
1745
1530
1541
1042
1108
1632
1559
1708
1405
1525
2104
1217
1885
1042
1559
2122
1375
1582
1876
1698
1495
1413
1671
2231
1425
1505
1740
1740
2110
1097
1330
1708
943
1556
1693
771
1902
1533
1163
2004
1432
1437
1915
1613
1919
1738
1948
1163
1431
1600
1551
1633
1633
2161
1358
1413
1671
1785
1728
1965
1345
1868
1952
1890
1553
978
1642
1912
1823
1958
2319
1878
2026
1660
1209
1223
935
1404
1365
1168
2000
1353
1104
1894
1336
2030
1365
933
1081
1443
1983
1524
1239
1870
1845
1326
1729
1131
1951
1508
1389
2204
1510
1578
1895
1791
1983
1275
1120
2021
1503
1747
1688
1912
1564
1854
1621
1132
1711
1625
2138
1545
1720
1610
1443
1577
1606
2341
1858
1627
1394
1348
1642
1417
1391
1198
1897
1711
1735
1316
1543
1386
1913
1605
1444
1836
1729
1558
1410
1195
1727
1765
1430
1884
1420
1599
1901
1886
1383
1358
1905
1686
1919
2273
1096
1127
1550
1686
1891
1999
1455
2040
1907
1309
1978
1897
1111
1356
1265
2185
1285
1636
1682
1328
1215
1826
1611
1626
1570
1179
1725
2086
1957
1698
1610
1634
1612
1596
2141
1737
1782
1460
1966
1686
1830
1923
1186
2078
1549
1410
1713
2037
1899
1499
2023
1725
1676
2066
2239
1573
1208
2275
1458
1829
1212
1096
1364
1488
2138
1614
1503
1461
1321
1641
1341
1589
1168
1453
1159
1336
1429
1359
1926
1476
1989
1536
1020
1157
1769
1399
1190
1232
1409
1801
1740
1792
1401
2074
1061
2037
1852
1274
1419
1199
1707
2007
1306
1132
1514
1226
1723
1036
1576
1305
1379
1052
1658
1387
1427
1699
1795
1403
1914
2064
1506
1847
1597
1014
1765
1407
2237
1092
1717
1623
1386
1794
1987
1692
1326
1487
1674
1739
1654
2051
1923
1470
1350
1759
1286
1034
1776
1875
1893
2428
1369
1524
1848
1451
1361
1486
1374
1252
1827
1368
1747
1408
1386
1606
1199
1283
1343
1751
1583
1649
1655
1168
1916
1890
1667
2169
2018
1841
1917
1677
927
1487
2253
1425
1029
1492
1353
1332
2195
1286
1537
1197
1749
1586
2093
1264
1475
1948
1470
1338
1608
1639
1534
1061
1337
1644
1466
1370
1151
1534
1312
1321
1829
1689
1807
1710
1794
1007
1251
1594
1851
1264
1761
1087
1545
1807
1757
2097
2038
1524
1214
