400 8000
167
177
181
150
228
197
229
197
222
230
191
247
196
210
224
125
234
194
209
279
267
191
226
225
180
113
179
226
205
159
197
180
263
241
232
180
243
231
156
160
228
191
227
251
218
116
125
225
194
191
238
229
197
209
183
208
167
205
245
169
166
145
187
229
193
187
313
166
160
177
165
206
266
260
242
183
135
255
266
132
196
201
299
271
168
183
183
244
205
197
218
203
228
196
242
263
130
266
226
180
283
273
180
190
225
258
214
175
127
186
278
149
182
203
230
184
146
184
160
126
263
202
210
183
175
219
114
201
161
239
199
197
173
202
194
215
180
173
232
237
227
224
317
209
215
194
171
205
162
218
270
243
153
166
142
210
164
182
255
245
163
231
187
110
184
205
181
260
232
143
210
251
193
168
199
223
171
237
190
186
188
177
112
145
183
202
204
199
169
144
246
217
187
239
147
151
220
224
279
201
190
230
278
198
163
203
205
186
253
231
141
250
262
225
186
257
222
230
263
211
160
205
187
187
185
231
151
154
248
237
195
224
185
241
237
125
115
112
208
169
244
127
176
202
245
198
175
179
217
192
173
313
224
191
214
153
174
167
224
176
219
190
192
221
248
136
189
186
125
196
117
191
145
201
114
237
267
200
215
187
182
244
228
286
248
144
231
163
206
168
263
229
253
202
149
222
234
174
184
213
159
122
199
208
273
233
156
105
176
234
287
217
209
167
220
226
182
251
224
284
259
138
255
178
174
251
303
230
219
200
228
226
166
197
191
224
156
214
217
244
156
202
121
234
209
198
306
197
184
200
187
127
241
178
177
238
178
174
190
182
142
201
193
188
233
120
200
147
272
208
172
168
267
270
203
107
167
145
140
265
175
177
229
213
182
174
176
179
226
154
198
255
165
259
191
215
195
244
181
267
