800 16000
379
452
424
382
485
380
359
380
389
319
382
260
376
568
496
391
467
485
266
514
477
432
468
452
496
498
462
515
406
476
307
476
479
433
578
436
296
376
335
305
273
473
430
469
249
538
392
383
423
466
406
418
378
436
278
453
461
522
500
451
483
363
364
390
512
419
263
446
356
338
483
398
404
374
472
261
549
285
413
369
297
375
294
547
301
437
407
271
448
404
426
595
382
289
321
655
419
372
328
474
356
369
509
374
410
344
259
377
364
508
499
367
354
392
428
488
393
403
372
404
483
361
524
432
287
323
501
563
365
389
425
372
154
487
362
494
423
333
355
556
333
318
566
307
413
303
479
444
340
393
420
386
498
445
424
338
458
307
424
434
415
352
497
295
436
417
358
430
504
370
512
347
334
442
572
364
276
258
451
482
361
567
584
263
243
495
289
297
244
450
341
502
356
226
510
402
461
276
496
388
295
416
364
546
421
373
457
323
414
258
418
457
305
487
368
485
466
328
348
352
541
440
399
466
260
423
482
397
445
312
411
323
455
509
331
378
399
391
528
393
283
151
587
417
323
451
366
306
351
294
353
602
312
394
405
377
454
305
378
256
286
406
223
418
337
418
414
376
464
396
406
388
275
304
320
408
245
401
435
478
434
407
490
509
453
453
393
373
338
388
532
382
402
441
333
462
292
296
344
571
197
367
403
419
245
415
374
430
383
276
354
426
365
410
453
378
352
478
287
379
398
291
347
414
506
340
369
403
437
304
341
308
403
481
388
457
426
412
261
348
297
468
368
366
522
340
391
338
343
423
307
366
342
528
412
444
326
319
393
404
310
331
429
319
455
466
406
504
271
441
517
560
380
369
414
358
240
358
401
357
330
267
366
324
374
422
341
433
377
503
290
399
425
259
484
386
354
390
431
316
423
326
641
421
538
510
412
305
384
376
449
410
399
422
417
266
346
433
304
475
341
403
461
417
256
539
440
345
389
337
474
443
296
445
363
364
398
401
422
449
486
396
391
363
554
318
481
441
387
484
529
395
466
415
372
514
438
427
296
372
330
365
348
319
446
538
353
396
459
462
358
478
393
410
222
387
316
362
457
423
409
325
469
309
428
438
439
313
455
400
394
429
375
309
387
288
391
453
322
353
419
314
438
493
379
234
274
410
329
413
370
337
387
378
550
500
405
471
314
420
390
361
362
434
373
387
379
439
422
394
309
305
564
280
485
512
468
444
464
343
370
350
413
330
397
362
322
341
416
383
411
304
394
418
314
306
397
468
401
434
435
629
335
515
255
480
389
278
452
429
406
313
240
339
303
241
283
314
347
413
225
296
291
345
342
438
391
546
345
423
306
459
417
377
361
247
489
448
436
479
330
425
328
420
445
325
359
382
320
309
374
480
461
331
312
346
354
319
527
484
366
459
510
517
486
288
405
313
382
369
534
356
421
364
384
248
533
390
474
323
505
286
404
473
299
398
545
254
315
132
543
271
473
391
367
400
419
458
509
329
581
571
390
474
389
460
549
419
306
530
499
476
386
493
350
522
444
452
300
435
388
501
364
427
525
542
320
515
314
376
324
516
412
460
461
373
388
424
340
297
408
388
396
219
348
398
397
419
473
185
375
455
475
409
471
431
494
549
531
353
374
436
632
435
384
468
615
327
436
467
428
414
368
510
526
351
462
436
446
434
499
348
390
453
299
220
363
435
331
408
507
349
282
297
409
417
298
446
386
423
513
296
286
371
393
403
225
222
425
349
483
419
452
459
302
439
454
275
400
358
396
366
363
555
465
363
361
444
484
426
390
291
509
411
317
302
400
411
405
212
