12800 256000
4918
7160
5612
7581
6297
7537
8086
5705
7961
5731
5287
7386
10195
3872
6157
8347
5935
4321
6911
5217
6435
6929
5391
5329
4082
5038
6024
5966
5653
4338
4885
4609
5410
8481
7000
7735
7433
4897
4447
6055
8010
5023
7356
6796
6371
5326
6838
5817
4505
4507
5333
5051
5481
5904
7884
7139
3673
5451
5900
6601
8086
3816
5198
4159
6076
4042
5015
6187
6356
5628
8111
8186
7927
6771
8284
6282
7122
6828
6185
6308
5909
4526
7519
7199
6643
6634
5533
5745
7250
7440
7425
5587
7204
8641
7075
7166
7319
6402
5900
6578
8617
6724
7206
6584
6390
3926
6952
7987
3734
6932
7023
5490
6593
6930
6989
3452
9108
6434
7292
5117
5765
5960
8420
8847
6278
6741
7539
6096
7112
4653
7405
5467
5936
7367
7529
5746
7261
8660
6362
6090
4194
8600
7208
4953
6892
4879
8150
6297
4684
4995
6283
9029
7728
5463
5718
8024
6632
6806
8072
5531
6300
6670
7484
4911
6102
7592
7161
7777
4446
7788
8051
5832
5459
6066
7106
6279
7793
7352
6646
4236
7221
5588
4869
6900
6669
4742
6293
7365
7625
5392
5574
4587
6646
8056
9178
4860
6983
6343
5934
6633
8332
5672
7293
5382
7088
4800
6844
4989
4503
5800
9124
7234
7535
6778
6346
8275
7704
5885
9157
6461
8530
7760
6508
7420
6733
6708
7303
7805
3939
5841
7057
8110
5964
8713
6023
5535
3693
5673
6262
5464
4418
7095
7773
6054
6082
6167
6595
5115
5124
7188
5009
5102
6428
5462
7401
6216
6484
6771
6287
5467
8212
4819
5106
5332
7910
8227
5117
6754
5224
6721
8036
7559
5683
6223
8576
6389
6753
7249
5402
5522
7420
6669
5394
6998
5222
7519
6222
6322
6601
6696
6952
6224
5580
6115
6287
7292
4474
6274
8901
10212
3798
5921
8563
6173
6774
5156
7222
5762
6092
6223
7696
4299
7980
6187
4041
3221
7888
7901
6775
4556
6278
6485
6081
5824
6515
7311
6891
7050
6814
5451
6467
7408
6104
4882
7235
6085
4592
8021
8017
6301
7828
6423
8100
6655
7320
7734
6667
7650
5574
5439
6847
4643
4453
9067
5747
4832
6877
7500
4504
4745
5129
5893
6900
7166
7625
4395
9342
3495
6568
5093
5756
7773
8046
5594
6397
6783
7392
7385
5112
5702
5976
5403
7940
6182
4877
5558
4377
6001
6892
4626
8736
5551
6214
5882
6083
6126
7269
8603
7372
6224
7012
6013
5737
5239
6664
6676
6322
6779
6219
8456
7185
6528
5721
5299
7225
5919
8752
5536
5318
7282
5274
7172
2933
6590
6552
4799
5313
5807
6535
9115
5504
5107
7995
6428
5362
7303
6946
5616
7066
5447
5134
5789
5684
8047
7864
7205
6748
7257
4589
5973
6961
6018
5420
7508
6476
6312
5746
6268
6718
7270
8734
4414
6107
7763
4389
6351
4481
7058
7940
8104
6646
6976
5531
3953
4942
7917
8944
9055
7509
4162
6686
6911
9525
4506
5664
8352
5118
5765
7276
6133
6148
6114
8078
5182
5707
7719
6110
5531
4397
6354
5910
5557
5772
7781
5185
5282
8846
5979
5792
5385
6509
5847
4816
7533
7443
4953
6575
5128
6879
6675
7044
6414
6653
6817
4597
7144
5854
7863
7866
5880
5556
7670
5353
6196
9632
7047
6197
6502
6900
8960
6095
4136
7337
7887
6440
6724
6544
4991
6107
8822
6664
5784
7269
7094
5634
6245
6890
6229
5432
6295
6876
3909
5697
6328
5631
8253
6643
5558
7231
6024
6771
7116
6056
5208
6021
7018
7806
6065
4104
6742
6084
5600
6275
5554
7350
6415
6078
7323
9562
7714
7542
7198
5820
7453
8875
7672
5878
7473
7873
4498
6803
4181
5852
5736
7345
7957
7246
3927
6927
3794
6807
8280
4302
6920
5287
6542
4823
6724
6282
5309
4622
7412
5695
9631
5320
7399
8096
8783
5637
7374
4926
6027
6891
5468
4622
8500
7183
5938
5986
6701
6659
6601
7494
2214
5052
6436
6522
7081
7407
4846
7586
7526
6391
9297
6647
6590
4559
7635
8147
6331
4441
7646
7517
5070
5550
6766
7583
4699
4995
8960
6648
5728
6320
4950
7385
5595
7938
7973
8568
6673
6089
4860
6219
5020
6099
8632
7351
7759
5957
4845
5158
6819
6725
6878
7259
8141
6708
8092
7236
5279
7386
5162
5771
6783
6698
6503
4575
4142
5923
7157
6855
7874
6957
5949
4890
4366
7563
6716
6511
3889
3715
5169
5579
5803
5298
6459
6720
6187
5066
7256
3946
7381
8594
5588
8419
6215
6165
5604
4808
7682
6103
6942
3430
6179
6037
7228
6958
7533
6745
4489
5154
5822
7093
5676
6345
6630
6013
8446
3266
6742
4462
6349
8883
7233
8459
5195
6709
6706
6034
7741
6142
7436
5220
4589
7123
5306
5026
7593
4362
6302
6833
5474
5661
5012
7111
6577
5571
8046
5924
7107
8014
5040
7303
6889
5215
5509
6713
6085
6490
7014
5852
6166
5564
8550
4751
6332
6716
5642
6950
6064
6161
5691
7522
7450
6969
7372
6289
8541
5618
7677
4850
7019
5873
9181
6993
6695
5583
3100
5460
7271
5108
7015
6536
6536
5645
6417
5551
7051
5418
7910
8070
8361
5349
5922
8247
5208
8432
4958
5758
4600
3473
7064
7746
6799
6402
5945
6276
6102
4958
5942
6403
5674
6640
6633
5779
6628
6305
6401
6110
5527
6328
6141
7870
7787
5703
5842
6315
8494
4712
6933
6438
5992
5783
9044
5157
6765
6694
7079
6029
6219
5349
4985
6024
8859
7372
9610
8541
6550
6286
5324
7437
4889
6207
7137
6990
7736
8227
6548
6039
9386
4625
5697
6680
7296
7078
6182
8286
6564
5769
7057
6602
4690
5464
6403
5715
7481
6730
6120
9265
6330
7555
6578
8234
7035
5628
7816
5783
6089
6112
5628
6437
5762
4736
5419
5585
7653
7132
7726
5679
5714
6664
6323
5901
5616
4952
8303
8244
6904
7217
9344
9144
4579
5588
6310
7922
8144
5905
8523
7140
7072
6189
6039
6298
6582
6476
4524
7954
4152
3957
5804
7035
8902
5581
4060
6282
4667
8074
5469
6372
6908
6153
4800
7543
5911
7959
7552
7300
6255
7329
6825
4836
6179
8968
6794
8884
8413
4778
8014
7106
5778
4361
6033
7728
5692
6852
6518
4294
4646
6848
7109
5790
6226
5627
5047
8229
5306
6363
6117
6275
6897
7578
7401
6764
6571
6193
7402
7057
5677
5119
4803
5780
6388
5081
8328
5859
5911
5464
6715
5373
5486
5167
4116
6981
6207
5437
7072
5503
6836
7270
4763
7173
5806
6247
7569
6809
6995
5479
4648
7315
5977
6109
5472
7990
6781
7307
4602
7897
5133
6586
4360
8605
6991
6734
5481
6369
5733
7137
8452
4083
5985
7554
6444
7899
4125
7393
8913
6877
6482
6174
5355
5384
6395
8091
8122
4575
6811
8306
7333
7220
6256
5458
6144
7061
4922
6290
8382
6318
4321
6943
5341
6872
7616
5508
7375
6868
8123
7793
4320
4351
5997
3477
7436
5643
5615
6287
6393
6655
5015
7157
8405
3983
8246
6665
5535
4620
5824
6797
7024
4888
4997
5333
5987
5405
7229
6312
6569
7315
6054
6106
6572
7758
6813
7634
4281
6925
6544
8007
5054
2699
6545
8208
3878
4903
7537
6322
7508
7694
5435
6996
4178
6486
7530
5687
7567
4083
6997
3077
6456
4028
7407
6220
8182
5473
6569
5687
7257
6315
5498
5427
6843
6584
6490
7675
6769
6546
4872
5897
6122
7435
5903
6391
7245
6943
6883
6382
6458
5181
6518
6530
6314
5650
7579
6593
7139
7805
6776
7977
4864
5741
7337
8310
5914
6165
7560
5223
6117
5758
8851
6938
4252
6694
8925
7712
4677
5360
5781
7487
5233
3260
5206
5607
5657
8585
7103
5379
6122
6505
5955
7450
4771
4786
4675
4155
1430
7729
4155
4993
6935
6515
5673
5399
7265
7999
6487
5976
6524
7006
6138
6667
5736
7442
7788
5552
5141
7928
7164
7899
5935
5279
5355
6946
6956
5611
5576
6093
7766
8089
7982
6631
7511
6909
4608
5233
7433
7700
6014
6980
4788
7924
4675
5349
6504
6820
4984
6072
5965
6538
7641
9050
3695
6464
7979
4505
6020
6541
9734
8975
5218
5671
6377
7773
9523
5783
7208
6765
6891
6626
7166
4653
7792
7553
6693
6892
7561
4029
6448
5752
5893
5737
6233
6652
6661
8561
7405
9947
6969
7717
6749
5626
6516
5888
5527
6005
5802
6456
6176
4534
7219
7437
8112
4880
5081
6212
7568
6244
6223
7964
7254
5924
6436
6782
4659
5202
5728
4584
6524
5263
5527
6144
7204
7398
4662
6004
6538
8151
7129
7082
5854
4980
3536
4075
7357
3626
6168
5605
7070
6648
4192
4738
6226
8348
6923
9499
4184
5802
8186
6858
9343
6036
7346
6463
4443
7122
4490
6508
6677
5669
6392
7455
7007
7348
5554
5667
8705
7054
6219
5233
7341
8669
5873
7275
5780
7346
5310
7988
7293
6066
6264
7368
5945
8215
8433
6289
7637
6634
6282
7765
6012
6799
4277
3497
5327
7132
7755
6904
5487
8339
7265
5435
4975
4632
5847
4945
8137
4655
4039
6404
7299
5997
5224
3996
6460
6658
6931
6632
4361
7193
4755
8278
6520
6955
9948
5125
5045
6222
8895
8142
6662
5522
6935
6286
6442
5913
4641
7046
5852
7350
7248
5328
8181
5714
6876
8458
7204
6361
4848
4500
7711
5470
5654
6800
5490
7551
6495
6401
6818
5764
4883
5788
5951
5956
6402
5804
5011
4458
6207
6310
8651
4990
7635
7020
4566
6340
7999
5992
5743
6342
7247
7402
6899
7867
6612
6941
7231
5997
4644
5902
5244
8412
5548
6082
4628
7952
5038
3220
4954
8264
6811
5292
5194
10728
5702
4744
8374
5599
8753
5883
6574
4694
6185
8164
6694
7714
7507
5118
6381
4267
7820
9112
7272
7456
8361
5489
7807
6027
5950
7036
6348
5806
6890
5663
6428
5392
7257
6256
6038
7495
6707
7616
5430
7201
6062
6937
6986
6857
5836
7397
8270
6475
5111
7121
6116
4911
6672
4675
5382
5393
7678
6257
5790
5290
5601
6476
8133
8093
6434
5120
7983
6189
7561
5776
4018
7584
7744
7919
5105
8029
7761
6587
7949
4111
6234
3952
5169
6652
7761
9642
5985
5392
7629
5663
7646
6240
8619
7633
6333
6665
7664
6397
5669
6797
4172
6178
6171
6570
8633
7606
6166
6885
6179
5644
8349
7437
7518
6131
7562
6808
7165
3737
3929
6290
5817
7926
6850
6908
5938
5438
6689
5659
7202
6552
6708
7105
9241
6767
7814
7571
8109
6304
6830
5592
6706
6513
7645
3138
5758
7776
6043
5337
5983
6780
8512
6381
6788
5894
4547
4944
6221
7382
6852
6292
7535
6374
7588
10046
7357
4356
4030
4834
5814
6254
5581
3422
7089
6294
6121
3758
5372
2859
6078
7296
7475
4006
7426
6256
5465
7683
5687
8704
6998
6545
6233
6073
6882
7856
5611
2467
7712
7980
6620
6325
4815
4558
6798
6039
3825
6469
5859
7785
6558
8755
7930
6885
6991
6316
7579
5289
6195
8281
5188
5112
7864
5570
6761
6936
7736
5646
6844
3633
7345
5781
10025
8495
5726
4583
6197
9270
9520
5506
6485
6974
5600
4528
7524
5973
4854
8030
4365
7645
6178
6980
7292
7251
8496
4828
7135
8458
5148
7616
8238
6711
6265
5942
7005
7222
6288
5781
7208
5626
5238
5149
6050
6347
4226
6146
7726
9303
6553
5934
6894
6525
5209
5612
5905
5818
6199
4093
6661
5959
8026
4471
4967
5675
7536
5467
9339
4082
6895
7142
5656
6957
7995
4204
6457
5345
6727
6770
5718
5119
6957
6658
8822
7166
8315
8363
7603
7630
10063
8224
6109
6525
7592
6560
3550
6859
6588
5548
6312
5968
8208
7000
6762
4884
6442
6785
5559
5900
5933
6517
6626
7883
7350
4876
6350
4996
5500
5339
7552
5828
5966
5298
4180
7671
6455
4162
5789
5238
5451
5256
5049
3401
4451
6390
7269
6754
3865
4750
4669
8607
7400
8160
4972
5564
7477
6008
5167
7084
6680
4133
5174
4789
6561
7962
6563
10149
5588
4474
6753
6954
5707
6646
6850
3502
8495
6048
7270
6337
5584
7455
4278
5943
6158
4486
7490
5588
8994
7210
8007
8027
7115
7401
6794
6593
7336
8310
6822
6207
6115
5520
6635
6991
5461
7675
6379
7914
8379
5944
6999
6745
5824
8545
5757
8066
6160
6818
7481
5167
4654
4504
5577
4185
2984
4871
4571
7975
4849
8171
7429
8255
6995
7007
6122
5101
6136
5407
8646
4785
6089
7283
6942
5136
5987
6905
5588
6820
8925
7503
6031
7106
5825
4028
6694
4980
6544
4916
4412
9455
6566
7589
6494
4775
5814
5310
5805
5294
6365
6755
7335
7070
8110
5627
8717
7290
7229
7600
6144
7526
5140
7309
6137
4933
5389
6532
6616
5501
5932
4510
6221
4829
3640
5522
8564
5248
4309
5069
6472
8158
3081
7450
5312
8279
5689
4279
7033
6438
9854
6975
6204
5722
5615
5666
7124
6254
8953
6831
7520
5887
6293
5595
6624
4742
9645
5441
6052
6204
5735
5765
6684
7781
7535
5443
4852
7843
7331
6017
5822
5715
6365
8572
5570
8173
8422
7953
8372
7036
6324
2710
7897
7163
6976
5266
7780
7277
7022
5590
5238
5385
8171
5541
7689
7527
6846
7039
5810
6868
5389
4788
6392
6275
5168
6223
5278
8112
6211
3166
8362
8824
6268
5212
8047
6321
5531
7454
4754
4950
7967
6476
4283
9279
7187
3941
6242
3619
7548
4088
7177
5453
5485
6543
7085
10250
4721
6363
7125
7153
4802
5489
8120
7486
7037
5891
7143
6605
8169
7333
7114
7272
7491
4243
6843
5048
5992
7064
7109
4313
7436
5578
8371
8240
8513
4174
7345
6620
6857
5296
7813
6289
6449
5951
7929
4307
4947
8835
5446
5006
6770
7310
4941
4451
7424
2895
5671
6857
5639
6148
7118
7612
6930
5714
6290
5148
7196
5577
5585
6039
5675
7887
6319
7315
8308
4375
5982
5314
7307
5519
4339
5565
6911
7726
6347
6098
6249
4870
5462
7800
7273
4641
5567
6715
7098
6391
4757
5160
7118
6657
7438
6764
6160
6358
7820
7192
7294
4388
7296
7137
4615
7457
6220
5109
7611
6646
6314
6416
6773
5996
6131
4227
5412
5220
7634
9108
6438
6305
8852
8029
5517
6968
5959
3999
3797
6496
5921
6456
7915
3646
6027
7216
5395
5020
6384
3965
5243
6143
6632
6520
6496
6862
6412
3474
6520
6335
5738
5355
6432
6859
9937
6610
7391
6633
7196
5921
7140
6202
5557
6148
8056
6811
6190
8694
9366
6238
7579
5842
6294
8698
2822
6673
6465
7344
4819
5974
5231
8159
6484
5276
7235
6658
5224
6261
5009
4823
8088
5695
6654
9732
5766
3821
6036
5910
4915
6310
7354
6691
8138
7417
7821
6930
7029
5716
6017
4944
4429
5899
6217
6219
5549
6903
5710
7515
2242
4153
6890
4733
3045
7257
7365
6851
7231
8436
6840
6218
8080
5093
5465
5077
9079
5076
8832
6444
8091
5464
6952
7151
7580
7802
7105
4946
3747
3899
5238
5974
8197
7408
7460
4948
7906
8735
5344
5333
7010
6697
7820
5516
7270
5154
7354
6608
6921
8147
6636
6010
3420
8818
5199
8596
7261
6270
5630
5314
4810
3835
6454
5638
5867
6111
3188
6848
6418
7640
4790
6781
5493
5774
6498
7093
6009
5956
4724
5762
5930
6156
5605
5244
5815
6972
5680
4341
8442
4714
6493
6067
8513
5364
6165
5815
7402
6413
5892
9082
5961
5791
3531
6723
6955
6963
6330
7286
6697
6491
6543
7176
6145
7265
8773
4672
7576
4094
6777
4540
8926
8294
5029
7261
8464
6643
5846
5775
4758
7781
4997
5151
5014
4976
4881
7714
5320
7575
7772
5664
8627
6019
8941
8223
6463
3803
6850
7826
8674
5484
4886
8208
6672
6719
4865
6204
5918
5175
5914
7269
7640
8041
7079
4485
6481
6951
6509
5584
6821
7098
6112
7676
5976
6578
5103
8057
7293
6208
5769
7364
5715
5864
6915
6382
5834
5175
4693
6105
6674
4358
5241
5429
3679
5661
5460
6372
6458
4465
5912
3582
7295
7099
7105
8429
6866
5516
5922
7478
5590
5998
6407
5505
6593
6767
7289
4137
5677
7036
3589
4557
5579
5444
6561
8768
5348
8795
8246
6885
6012
5546
9019
5816
7696
6967
8053
9774
8932
7354
5927
6453
6024
7685
6529
4787
8260
6670
6107
5010
5140
5507
7293
5331
5809
5742
6306
5867
6975
6839
5430
6799
5712
6148
5619
3250
7853
5773
5693
4810
5917
6374
8625
6973
8591
6330
6202
4781
5349
5919
7909
8354
7003
5449
6251
5923
5857
7263
6381
6355
5571
6589
9299
6301
6739
7218
5727
6937
7141
7433
6028
5794
5881
5492
5889
5280
5297
7145
5212
7914
4701
6872
4447
6227
8724
5905
5337
6709
6244
6866
3763
7195
6009
6615
4974
7209
6353
7511
6219
6641
6885
7307
7045
8050
6268
3737
7483
7731
5741
5466
5342
7588
7204
5170
7525
5575
5926
6011
5699
4077
5981
7044
6832
6695
7359
3904
7556
7303
5391
6375
7466
4432
8694
6178
6868
4658
7267
8734
6497
5719
6666
8181
6727
6098
6639
8418
6311
7746
7324
6915
8497
7134
5262
7380
8231
7263
7504
6857
5085
7589
6341
7347
7206
7765
7196
8452
6893
3597
7494
4684
7233
4416
5232
3782
5339
6338
5039
6084
7544
6596
6087
7586
8607
4410
6387
6292
5602
4341
7344
6923
5460
6857
8319
6017
6446
5108
3990
6779
7653
5534
5367
8050
7369
6945
7275
8416
6354
4281
4987
6125
7645
7579
6819
7288
5136
8057
7071
7318
7787
5751
7956
6961
5475
5652
5356
5085
6609
6141
5617
6921
5046
4680
6181
6937
7328
6208
5663
8234
7275
6820
6403
6313
4458
7987
4158
7799
5957
4548
6815
7307
6579
8196
6221
6936
8387
8314
5940
8011
7447
6971
5553
4194
7865
5301
5262
5516
7417
7126
7001
6225
6108
7847
6136
6928
3691
7009
4863
6440
6124
8242
6665
5275
6704
9109
5743
5068
4642
8194
6832
6434
6387
6404
6856
7806
5571
6913
7135
6255
7728
6490
6337
4713
5748
5238
7486
8543
8361
5231
6153
6706
6768
6795
7379
6573
5699
6067
4196
4424
4036
6723
6282
4841
5267
6487
8771
7230
6140
6648
3936
6305
5300
4774
9012
7996
6246
5288
7475
5528
5479
5546
5307
6911
6481
6954
7971
7162
6983
5857
4947
4938
6949
6565
4713
4109
6480
4576
5983
6691
7069
7623
4666
8400
6677
6282
6686
4863
3927
7241
5257
6473
6240
7354
6110
5282
7121
6907
6398
4289
7229
6547
5406
4922
8430
7594
6038
4679
8582
6976
4972
8357
6981
5252
7457
7749
6510
4514
5783
6856
6459
5545
5716
5253
5364
8959
5845
6611
4506
5239
8214
5383
7987
6769
6357
7883
6435
5851
6616
7016
4280
6055
6746
6706
5384
8027
7491
6182
9709
6756
7363
6258
6184
4695
5755
4504
6988
7068
5764
6402
7215
5245
4920
6351
7121
7112
7943
8071
6960
4653
6592
4884
9082
5446
6606
5241
6850
6994
6254
6767
7142
6166
5884
4992
8870
6284
7567
7028
7267
3352
4552
5394
3914
5144
6394
5088
5114
7559
7894
6492
4024
4798
6137
5573
7539
5903
6361
4696
6469
7875
7412
8621
5711
6411
6464
7761
7737
6554
7333
7275
7068
7471
7379
7612
4735
7314
5344
5098
5714
6471
5570
5845
6782
5824
6610
5439
5472
5393
7761
6007
7250
3997
7536
5993
4758
7048
5044
8555
3487
5048
5644
3903
6888
4747
2354
7208
6299
6519
5677
6176
7454
6353
6124
7638
8248
8312
6621
5677
6488
4806
4936
6768
6481
8855
6189
6988
4606
8132
7559
7934
7877
7897
6099
6602
6513
6451
5468
5714
6992
5255
6937
4818
6933
5028
8231
4317
6573
6447
6820
4460
9074
5460
6068
8923
8425
6474
5370
6890
7822
7359
6680
8321
5494
3402
6032
7896
7292
6975
5805
5220
4418
7066
6479
6539
7129
7815
6291
8251
5515
9778
7857
8246
7909
5181
8077
5611
5534
4327
5676
6614
4443
7150
6315
7734
5704
6660
6261
7302
3947
7218
5800
7005
5813
6542
6343
6415
6266
6060
5523
8316
5672
5328
7074
5321
5755
6555
4271
6533
6897
3841
8053
6857
4115
6794
6059
5974
9019
6496
6546
9216
7217
5732
4065
6915
6182
7380
5621
7196
7448
7174
4729
6939
5624
6892
5182
7300
6338
6806
8571
10296
5187
7159
5755
5740
7340
6829
7414
5598
6919
4554
6982
5668
6723
6596
7525
3642
3487
5159
5849
5239
7438
7111
8052
5636
5152
6680
6599
5878
8392
8346
5829
6300
5511
7391
7838
8670
5119
7340
6978
4393
7447
4732
8270
6579
9437
8573
5062
5588
6616
6122
5832
8061
9196
6459
6747
4554
5116
5133
5179
6580
7580
7875
5767
7707
6305
5042
5646
5676
6432
6238
5572
8582
8214
5644
6306
6885
6964
5112
3546
6502
4970
3515
8570
7205
3890
5762
8441
5533
3220
7056
8304
6910
7002
6553
5564
5599
4392
5701
6255
6793
5819
6491
6249
7453
8681
8513
7387
7643
4581
4999
6543
5482
7736
3291
5740
7879
3915
7520
5884
6063
5590
6540
7952
5912
6064
5478
4637
5397
6664
4155
6863
6424
6537
8749
7118
5514
6381
7764
6412
7033
9624
7015
6265
7486
6764
7828
8323
6560
9081
8388
7412
7010
5979
6101
6817
7233
3459
6588
6730
7079
7511
8653
7660
2992
6150
5615
7390
5274
7595
4635
7549
6538
7333
6228
4134
6026
8467
4456
7271
4984
7284
4158
5311
9498
5693
5903
8738
5992
5081
5600
6059
6139
7816
8518
4638
6232
6349
4619
7035
6718
6899
6639
5984
7232
5884
3231
8441
6165
4879
7625
5123
4100
3964
7239
6399
5805
9078
6713
8021
5490
6351
6187
6219
5942
5621
7580
5072
5734
5057
6948
7655
6533
5488
6100
6385
6523
8723
5081
6879
4809
5917
6426
7752
6002
5699
8323
7396
6857
6162
5774
4472
4123
5405
5579
7070
5532
6933
5008
8626
6203
4567
4557
7160
6774
3883
5567
6139
4777
7910
4764
6992
4091
6764
5005
7113
8278
7090
5502
6812
5534
5371
6270
8014
7078
5816
7386
4392
6063
8145
9176
7680
7466
6774
5461
5106
5404
8236
7074
5355
6819
7180
8385
8035
6578
8739
7094
4319
6250
6536
6719
8299
3902
5471
7673
3991
6794
7205
8208
5691
5283
7435
5074
5854
7686
7105
6011
8127
4826
7580
7113
5747
4205
6590
5887
5169
7025
7217
6527
6596
6290
7469
7139
4674
7641
6779
7008
7864
7888
3635
7002
6904
6795
8245
5375
8966
4898
7229
6810
8098
5416
5894
4502
5376
6329
9373
7021
6693
7338
6860
4735
5803
9118
5785
6130
5874
6023
6050
5449
5115
6231
8406
6721
7573
5232
4966
8506
7143
7983
6861
5171
5225
6772
5149
6006
6113
6769
5546
6210
6868
6196
4613
6426
4490
4704
5996
6619
6202
7232
5961
6350
5402
7647
7333
8232
7332
7457
6055
5615
4760
6874
6275
5881
6237
7850
8435
6623
4167
6645
5878
5665
5547
7016
5543
7110
5458
6636
5549
7187
9022
6457
6057
7667
5997
4319
3277
5973
6477
5114
7312
6605
4716
6932
6762
4676
6990
6800
8237
5220
8185
6307
6907
3585
5902
8992
7128
6266
5673
5196
6567
7654
5563
5301
7034
5357
8556
5703
7466
8316
5856
8949
6897
5430
7801
6850
5951
6481
5729
5847
6508
7389
6540
6627
6682
7585
5124
6572
6126
7644
7395
7115
4164
5346
5937
7475
7657
6889
3870
5827
6456
6152
6613
7312
8712
5019
6312
7969
5079
6395
5813
8512
5586
7472
3946
5350
6725
6718
7303
6791
9530
8063
5960
6037
7712
5301
7025
5712
3602
5593
6846
3796
2880
6702
6557
6141
5286
6897
7867
6798
5219
7243
6213
5829
6788
7438
6963
5990
6938
5361
4956
6938
3402
4999
7182
5187
8013
5433
5384
6422
6741
4524
8604
4859
7030
6643
8029
3259
7564
5868
4398
8309
9302
9211
6468
6992
4563
7750
5193
6961
6687
6857
5229
9084
7553
7621
6411
6657
5494
6299
5489
6560
7765
7734
7162
5651
8348
6899
6327
5909
9052
4988
5299
7197
4611
8477
7612
5183
6707
2939
7089
7142
6987
8271
5129
7652
6539
6442
8993
8156
7338
5290
7548
7507
7482
7336
6052
4886
6340
4170
7461
8255
8879
6721
6669
7216
5509
3730
7100
7765
6137
5842
7983
4538
6209
6273
6752
6558
2343
6111
5001
5093
4293
7682
8060
6142
6097
5513
5942
5987
7320
6254
6665
5714
5156
7482
6240
5418
3451
6861
6741
5405
6112
7034
7070
4145
5184
5166
7345
5824
4901
4780
5550
6415
4496
6028
6872
5402
6073
5545
8174
7570
7493
7440
6568
5093
7405
7588
7641
8679
5926
6696
3753
4967
7652
5301
7277
5559
5179
5885
3619
5106
4621
8372
5112
8072
6687
4902
3200
6765
6063
6877
6214
7310
5804
5625
7488
6600
5412
2454
6046
4998
6839
8085
5178
7200
8666
5653
7719
6919
6971
8135
4230
5375
6602
7519
7400
7820
6962
7703
7259
5641
7366
4292
5057
8263
5830
6501
6473
6985
5357
5289
5043
5006
5950
6133
5251
5557
2384
4481
4897
7183
7857
6602
6841
5879
5415
6712
5880
7829
6089
5575
3894
8204
5994
5318
5560
6239
6798
6457
6019
6244
8727
5055
4601
7757
4871
6819
5233
6370
5441
4648
6278
4911
6246
6992
8226
7278
5687
6369
3293
5854
6843
5375
5292
7204
7912
6185
5113
7061
7172
4563
4780
6032
7819
6776
9149
8326
7209
6644
6551
8338
6329
5422
4054
6924
7924
8274
8692
6779
6228
7767
6460
5331
6464
5543
6515
6699
6462
6501
7056
4977
7326
5268
7747
6895
6281
8113
5815
6226
7530
5452
3691
4895
7709
5038
6304
9153
5359
6973
4417
4130
5517
7217
3786
4859
5912
7458
5676
7658
6277
5363
6954
4945
5496
7845
5879
8802
8528
7926
6058
6916
3998
8106
4955
8019
7391
5171
4988
7717
8038
6061
7310
5977
5963
4215
5832
7127
7612
6094
5862
4693
5362
8203
6468
4532
4495
6380
6659
6290
6231
6103
7708
5930
7741
6711
7967
7372
5786
6112
5396
8228
7256
7546
7622
4434
7258
5669
6101
6360
4488
6404
4994
6839
6250
5765
5892
5080
7282
7064
5560
4755
7048
5776
5762
7659
5763
7236
7827
7886
7284
4662
4391
8078
5597
5344
6782
5151
6946
5819
5608
7545
7228
7146
6035
7157
7119
5762
8350
6084
4937
5165
6147
8953
3388
7317
5367
6631
7067
4928
5906
6596
5644
4236
7821
6350
5556
5733
4531
5445
6590
6446
4209
4566
6809
6057
7066
8070
6494
7714
5763
6648
6890
4232
6861
5638
5742
5662
6460
6371
5903
7067
6147
5332
5532
6934
7980
6051
5760
4075
6516
5259
5418
5117
5490
6763
6040
6377
5096
6904
6955
4969
5986
6505
6232
6352
4630
6654
8046
6744
6813
7576
7945
6413
7284
6396
4339
6461
8118
6869
8833
6159
8438
4342
5757
3504
9158
4583
6790
3466
6233
6628
5547
6811
6223
3559
6742
3187
4976
6103
5940
7428
7964
5039
6811
3647
2289
5586
5604
6595
6010
5013
4807
6286
6207
6956
5065
6061
6358
3635
6654
7362
6544
7586
7685
6620
6360
5455
6073
4816
6099
7491
5541
5376
8689
3908
6221
6369
6759
3731
4650
7089
6539
5632
5944
7741
6126
4768
6410
7990
6811
8230
5367
6914
7113
8712
5177
7331
6011
6222
7163
7345
7913
7102
7932
3838
8308
5380
6207
8860
6642
6651
5619
9147
5611
5350
7031
5852
5677
6790
6457
6370
6993
6428
6070
5141
5352
6175
5512
6910
5933
2987
8790
6935
5720
5805
5194
7336
6950
6267
6020
6917
3655
6748
7057
6306
7901
7520
5827
4882
7274
6154
2330
3638
4598
6457
7581
5979
5986
6653
7182
5737
7088
6876
7900
7999
5377
8271
6073
6434
6310
7514
5149
7538
5722
6846
6778
5423
6942
6331
6687
7723
4988
6804
5535
3999
5082
3391
6233
6730
5680
7128
8310
7149
6532
4703
5037
6550
4608
8024
5970
6928
7115
6782
7531
8616
6738
4147
7500
3987
6194
4530
9637
5146
5911
9436
5630
6112
7749
6284
4962
4747
5840
7038
3384
5110
4634
4720
7956
5279
6052
6708
8098
7188
4665
6224
6772
6543
7979
6807
7096
7460
8223
5871
8329
5775
7348
6858
5850
7126
7786
5741
5842
6917
6270
3527
6918
4650
7779
5817
7938
6473
3886
5106
7875
6712
7851
4406
5764
5200
7554
7241
7575
4826
7239
6641
7740
9052
5019
6590
7827
6414
6405
6747
5956
4781
6290
6212
4516
7393
6324
4327
3509
8390
5029
6954
7530
5598
5492
4375
8472
6423
7574
7466
6882
6441
7566
5224
7445
8141
6208
9481
5867
6836
4824
6321
8732
2967
7802
6294
6766
5908
7827
6569
6654
3639
6015
5485
7161
6588
6618
6964
7040
7130
7159
7061
7647
7313
6895
6967
8778
5561
7453
6485
4857
5796
5413
6067
6782
4992
7346
3606
6416
7261
6096
5428
8848
4563
4824
7149
5248
4681
7089
5004
5506
7620
5909
4162
5523
6552
6494
7550
6235
4516
7202
4172
6079
8302
7216
6086
4902
6099
6647
5194
5285
5970
6169
5072
4265
3481
5154
4630
7900
3781
6299
5656
7813
9029
3893
3312
6954
6162
6405
5520
7601
5648
5955
7163
4189
5598
4638
7114
7142
7089
3484
6151
5895
6094
6236
4832
8102
6490
5923
6246
5458
6914
5119
7486
6085
5458
4932
7094
6230
8451
5206
8256
5987
6115
6551
5785
6025
7770
5950
5001
6710
5575
8073
5081
3695
5506
5108
7931
8431
7187
7656
4939
4147
7572
5449
5216
7468
6311
4292
8134
4786
7165
7053
6422
5809
7715
4179
5960
7023
7436
8495
5574
8068
7988
7340
3396
2522
7663
7206
6726
5763
5841
6818
4853
4160
5886
7375
6345
6675
6979
7284
8308
4587
7799
5406
7021
8975
7727
6499
7614
6152
6999
8929
6402
5669
7106
7237
7159
7645
6897
6575
4956
4671
4262
5181
5587
6272
5259
6208
4734
4512
5578
4992
5708
6368
5257
7648
5944
7284
5918
7008
8632
7867
8015
4582
6216
7775
5048
7956
6216
6504
6143
5609
8067
4471
5570
7110
6059
5643
5581
4471
7366
5500
6918
7193
4744
7995
4814
5378
5394
7657
5981
6897
8117
5329
5813
5680
5715
6290
5324
8996
6850
6131
5946
8350
5233
4432
8114
6306
7956
8326
4989
5468
7702
4782
3925
8061
4920
6754
6781
6164
4372
5951
4643
8663
6042
6476
6212
8856
7231
6199
7567
3999
6364
4704
5768
7038
5828
3980
7466
7107
6115
6118
7246
6263
4744
5738
5708
5413
6762
6040
6940
6825
6483
5404
6609
6012
7973
6055
8145
7264
5702
4919
7972
7625
5926
5688
4971
8509
5443
6442
7198
7671
5495
8261
6667
5037
8196
6247
5230
5503
7623
8464
5282
6938
6793
4949
6299
6180
6444
7401
8045
7828
6789
6278
4346
6355
6187
5997
6545
6552
6291
8536
6575
4792
6201
6291
7856
5294
4927
6273
7049
5804
6034
7082
6870
7587
7921
6936
6668
6575
8402
6998
6100
7986
6208
7990
8550
9252
6360
7830
2518
3299
6911
9460
6156
7459
6083
7111
7567
6241
8128
3264
7337
6381
4218
7851
7787
7568
5306
4875
6814
5060
8261
8470
7794
5633
5393
8622
5227
6040
5796
7189
5347
7373
7653
6517
6780
5040
5301
6283
7083
6813
7665
7560
9209
6828
5233
5926
6364
7692
5049
6287
6076
5782
8069
5888
5599
8148
7581
8760
5955
7402
7323
4754
6095
5501
7677
8408
5715
7390
5675
5896
5047
7694
7366
4112
4184
3959
5323
7424
5012
5796
5499
6993
7397
7938
5637
5620
5991
5622
5541
7489
6787
7029
7188
8450
6618
7555
3605
8141
6017
5682
8301
6451
5387
8728
7123
4689
4664
4866
7285
7244
6424
6035
5590
7585
3409
8703
9037
8091
7881
5378
5965
5558
6615
4328
4127
6068
6402
6982
4235
4654
4677
7078
6617
5777
7058
5836
7806
7010
8038
6669
6058
6967
5704
7793
5272
5049
6222
6552
7098
7186
7971
6361
5993
3435
6760
4664
7132
5677
6483
5839
5928
8010
8419
6898
6762
7580
5783
3507
5944
6972
6152
4956
6255
6005
5709
7081
6129
8227
5443
7362
5508
8059
6194
9317
7877
8388
6337
5821
6505
6912
6409
8445
6160
5150
7979
5192
7972
5631
6020
7687
7415
3314
6360
5381
5062
7423
6742
3828
4015
8329
7217
5164
6436
6130
5033
5776
5569
8352
7725
6718
6368
6736
5460
7153
6912
5267
4248
5157
8395
6889
6048
7953
4581
7706
4893
7743
7266
7843
9311
7696
7351
6200
8236
8218
6121
4140
7520
6759
7639
6445
6927
7662
8886
7489
6730
4732
9519
5621
8287
6085
7499
5199
6553
8844
6898
6798
5641
7056
5992
8026
10503
5712
7437
8062
5413
6200
4683
6791
7344
5120
6249
5849
7146
7798
7446
7306
5942
5435
7056
6307
6369
5129
6591
5796
7226
4478
4806
6433
5277
6985
8069
8613
5692
7004
5434
7134
7376
5621
6203
4279
6232
6479
6756
8788
6823
6459
7295
5618
4622
4450
6581
6067
4965
8358
5608
6551
5808
6252
6129
6527
6774
7754
5772
8268
8943
8640
3471
6423
5535
7142
6366
7300
4944
6103
3175
3999
6037
5887
4686
5553
7657
8736
7778
6962
6283
7464
8199
6660
6877
6698
4418
4996
7668
5824
6321
5741
6351
6677
6181
5023
6591
5666
7039
7659
6863
7607
4663
6307
5925
8001
9190
7310
6636
5282
6594
7803
4784
4038
8206
7595
7112
7550
6639
4352
6018
4828
8863
7964
5857
6857
9137
4871
6051
7376
3761
6447
6955
3992
5204
6191
5290
6255
5636
6970
5610
7578
5706
6175
5002
6674
5782
6461
6262
7329
6796
7444
5167
6638
7925
8149
4918
7464
6439
7013
6053
8090
8009
7772
5920
5992
5247
5130
5173
4672
6562
5209
5889
7134
3608
7910
6085
7424
6521
4621
7722
6316
7306
6713
5566
5145
5959
6480
4177
7169
6633
5039
6813
6835
4414
5784
6132
6851
6600
7800
8025
6417
7335
7444
4942
5063
7032
5079
6079
7517
8485
7819
8449
8109
6605
5767
7416
3550
7061
7263
8305
7682
6274
7680
8893
7414
9050
6142
8527
6176
7537
6638
6450
5241
4348
4757
5964
4608
7090
5286
7274
4825
5220
6069
7882
6138
6862
4924
6108
6998
7143
4085
6100
7431
7896
7452
8106
7551
6295
7372
6375
7685
7365
10047
5303
4273
9049
3767
5448
5684
4651
4781
7550
5799
6684
7683
5042
6446
6944
8065
8432
6126
6899
8675
5721
7112
6065
5367
6762
5810
5466
6424
6272
5311
8163
6862
5663
6847
5374
6244
4415
7426
7047
5912
7958
7824
6278
7515
4601
7981
8811
5070
5896
7316
8471
7402
3068
5472
7108
7179
6253
5955
5602
7661
7739
3525
5686
5171
5847
5323
7000
4374
7124
8424
7772
8465
8491
5065
4766
6394
4989
8407
7882
7751
7502
7828
4298
6610
6991
8001
8234
6613
5910
6945
7019
5955
6179
9483
6399
5968
5971
6795
7639
6384
5692
5171
5025
3825
6525
6011
6871
4971
7185
4656
5430
6866
5967
4868
5467
6088
4645
7628
6137
5064
4940
7983
6991
6801
6451
8026
3747
6554
5495
7605
6486
5775
4986
5675
7632
4626
4474
7797
5547
6963
5054
6288
6680
8355
9165
9163
6686
7336
6259
6803
5146
6036
8090
6532
5633
6223
6337
5649
7102
5155
8106
6169
6670
6130
6137
9937
6163
6405
5177
5623
7160
6238
5960
7134
8300
5949
6749
7110
7542
7322
7566
6816
3427
4671
3824
6040
8160
6158
4181
8090
6306
3595
6184
7344
7956
5874
7931
6621
6433
6503
5074
7353
5400
6661
8347
4782
6136
6332
7420
3377
5504
5325
3942
7885
8437
6888
5197
6317
5729
5554
5297
8820
5174
6193
5445
6582
6333
8911
5986
7053
5715
6400
5549
8009
8025
7508
6888
3826
5842
6578
6873
5678
7508
7448
6533
4777
6881
4917
6015
4600
7736
4831
5249
5437
7221
6189
5458
7536
4491
6144
8788
6765
6367
6268
5924
6257
6357
6510
6387
5008
6760
8250
5382
7242
7650
4932
5173
7185
5913
9119
7076
7376
8874
7230
6622
7439
9083
7268
6598
3991
6718
5559
5432
7128
5803
7111
4599
5186
5923
7624
6163
7726
6376
6401
7642
4312
4553
6557
6815
6379
6475
5797
5962
4816
7153
5610
6134
5890
6850
5691
5652
9189
7088
7097
7785
6206
5745
6046
7694
5824
5878
9006
7826
3943
7841
6177
7308
5031
6267
7065
6448
8364
5096
7850
5039
6299
6120
6355
7453
7321
8852
2907
5820
5725
7654
5789
7002
5152
8931
8618
5099
8147
8457
2784
6325
5339
8265
7254
4440
4569
6957
7589
8707
6538
4146
6958
5353
6482
5744
5734
7734
6763
2276
4484
6056
6177
6864
5080
6997
6992
6502
5026
6580
6557
5630
3747
6176
6307
6969
4287
5378
7866
4202
5556
5921
7269
7388
8345
6026
5865
6959
7416
6220
7122
7291
5576
6651
7933
9302
6136
6624
6296
6115
4516
6130
6409
6988
6200
4239
6677
5793
5044
7814
7301
7031
4923
6627
8103
6103
6943
6158
5883
5643
7328
6748
5166
7158
4764
6348
5894
6780
5247
5579
6789
9388
5459
4992
7744
6388
5982
6613
4086
6235
6191
6761
4020
4663
5987
8012
6111
7000
6295
6244
5466
7456
6645
5510
6333
2522
4724
4382
4923
6691
5505
5844
5687
6302
5127
7164
5406
6585
7544
4703
7867
6406
7116
6370
4796
6705
7019
6465
6180
6768
4745
6489
4841
5107
6457
7101
6951
7490
6128
8864
6109
8161
5754
4314
7200
4240
6012
7457
6004
7938
6884
6840
6436
6931
7238
7154
6918
6099
7044
6963
6982
6776
6557
8405
6246
6347
5941
7249
8584
3761
6256
6583
5907
6346
7376
5638
7014
4281
5078
7242
6984
7934
6304
6331
6947
6108
7575
8817
8869
4765
6892
7327
8809
6674
6304
6136
6521
4983
5517
5541
3533
5492
5652
7683
8257
7902
6749
5642
4850
8004
6445
5598
7965
5881
5073
4424
9746
3464
6004
7637
6972
6656
6185
5437
6912
6387
6053
4310
7115
7731
5257
8014
6121
5540
6327
6576
7462
8007
7066
5252
5901
7416
6726
8160
7113
6530
8402
6566
4990
6078
8063
3715
5418
5738
5042
5357
5628
4919
8119
4931
3708
7469
6210
7491
5864
8726
5849
6024
6992
9201
5245
6066
6807
6148
7955
6207
5906
7270
6648
4917
7338
5540
5965
4189
7363
6183
7052
5853
5970
6356
5170
6214
5446
6946
4989
7195
5460
8553
6561
5988
5812
8178
5393
5555
5913
4764
5447
8697
5202
8266
5757
6148
7423
8536
5445
6979
5912
8033
6963
6427
6036
6180
4997
7265
8061
6236
7639
7274
5113
4162
6568
6107
4629
7853
7373
7191
6098
4995
6588
7993
5846
6917
4483
5299
6140
5960
6254
6286
6595
5473
6265
5642
5935
6547
5884
7354
5465
4843
7208
5385
6671
8072
5091
5747
7741
5600
6676
5850
6394
7725
5542
9455
8017
6253
7701
6133
4871
7111
5091
5564
7843
7746
7061
6257
6730
6565
5738
7171
4967
7842
4687
7552
6560
6737
6800
3873
6750
5997
7101
7126
7709
6775
6930
6741
7537
6388
4718
6198
5778
6267
4885
5653
6552
6626
4949
7428
6341
5404
7391
7508
6098
7224
7775
5373
6824
7150
7299
5505
5777
6086
7880
5863
6529
6468
7979
8764
7085
6684
6342
6142
6368
7498
8184
7368
6635
7391
6273
4708
5630
8212
8123
7672
7680
6660
7784
7395
8458
6209
4495
7645
7880
7017
5255
5177
8601
6478
6274
7911
3518
5616
6607
7912
5606
4784
6656
5048
8081
6129
5976
7250
5524
7621
7981
5061
7825
7022
7416
5889
5126
7856
6896
7959
6830
5065
8488
8120
3581
6440
7280
6078
6024
5900
5997
6777
7039
5565
8884
8428
6708
7202
7075
5928
6407
6135
5196
7510
3913
6654
6780
3307
6976
6585
5079
4903
6217
6843
6219
7559
4916
4650
4954
5881
3715
6866
5749
3296
6442
6685
5260
5364
7903
4539
3459
5658
6247
6812
6969
4863
6255
7220
4768
5782
6273
5745
7227
7306
4081
8528
6330
8259
6510
7082
5546
9618
7533
7771
5602
5154
8255
7208
5573
8901
8405
6758
7848
5736
5500
5866
5814
7391
8361
7223
6565
6227
5521
6378
4950
7457
5853
6422
6839
5093
5828
10600
7230
5575
4494
6721
4278
5773
6876
6999
6528
6155
4534
4439
5942
7259
5191
5277
6027
4190
6336
7990
6329
6881
6894
5123
8055
6141
4432
4057
7059
5671
8608
5915
4982
5538
4759
5861
6293
8548
7029
7199
5463
7770
5684
5574
6466
5859
6231
7651
5475
4658
7716
6018
7711
5265
5626
6761
5966
6197
6118
6853
4822
7673
7173
9537
7491
6648
7942
6624
5173
7235
5983
4341
6467
5654
5509
3525
6911
4608
6432
4212
7138
6017
5745
5659
7272
8535
7263
7064
4009
6241
6684
6308
5327
6959
3895
7335
8188
8003
3627
3580
5410
5516
6674
7828
7471
8522
4916
6279
5630
7449
7173
7229
3685
7367
8069
3754
6261
4673
6233
4555
9168
6012
8132
6705
6434
6241
6226
5655
6490
6437
5357
4651
6043
6616
6050
6516
7250
4038
5261
4913
6184
5115
7497
6795
7466
4971
6522
4254
6489
6685
5333
7296
6794
3691
5868
5508
6127
6856
6229
4979
6254
6750
7799
8113
7129
5335
5938
2902
9041
4902
6598
6591
7938
5861
8352
5487
4328
5373
3911
5036
6589
6752
7584
6804
6966
5118
8138
7366
7688
6277
3556
5115
4986
7956
8007
5277
5675
6952
7730
5327
5824
3939
5649
6641
4593
8558
3203
6852
4701
5245
7999
5890
5810
7336
5700
6247
4142
5993
6462
5954
6904
7512
8568
4990
4915
5122
7254
6959
6093
6043
4564
4705
8086
5838
6494
5744
9570
4228
6412
5944
8519
5735
4993
6873
6700
4476
4867
6413
5095
5193
5641
5084
7261
4278
5586
8482
7235
6523
8093
4782
5394
6762
8099
8483
7360
5856
3510
6453
4010
6512
8022
5641
6920
6311
6290
7094
7583
8414
7210
6369
8462
6346
5111
4522
7057
6101
5995
6484
6897
7416
7003
5558
4276
6850
8059
6280
6407
8556
8034
6811
5980
6069
6282
6350
7579
7000
5477
5246
9396
7575
5773
6183
9521
5441
6929
4188
6992
6852
9446
7869
5796
5540
7234
7350
6700
8188
8370
5247
7948
4017
5605
5196
7437
9698
6666
7340
7800
6190
6550
4805
6196
6046
7069
6320
5522
6194
5770
7676
5799
5061
5512
5342
6509
7144
6129
6218
4298
6442
5345
5915
6900
8072
6679
6225
5903
3616
6319
7433
5976
6602
6134
5959
4869
5114
5978
7212
6807
6850
7512
6115
3781
4399
6537
3220
6109
6919
6341
7717
5704
6479
7570
8121
6904
9187
3673
6685
5949
4568
6847
4450
7782
6242
4766
6517
5490
5151
6291
8133
7078
4267
5523
5692
6105
7707
5954
5780
7627
8606
5874
7624
5512
7281
6354
6721
5001
7207
7358
5572
6432
5583
7878
4516
6734
7985
6921
7125
6597
4629
6838
9143
5626
7269
6291
7560
5642
8748
7132
7523
7470
9088
7149
9435
8004
5855
6704
6513
5178
6129
7737
5830
8735
5985
7124
5204
6270
6466
6967
7465
5773
5842
4038
5954
4626
6209
6283
7785
7913
5790
8051
7786
5815
6419
5559
5864
8100
6292
8090
6415
6027
6267
5542
5737
5494
6737
4712
4875
5113
7731
5778
5623
5992
7075
6899
8970
4974
5603
3843
5065
6542
8046
7604
5291
4616
10081
6831
5088
5497
2715
6752
5322
7502
4156
6700
4942
6928
6542
3203
6596
4812
7505
6991
4722
5801
4785
5669
6892
7931
6292
4280
8369
6917
7468
6113
5701
5682
6581
6092
7242
6274
5799
8600
6308
5522
7297
6867
4991
5440
5948
6891
7596
6218
8507
5629
5515
7551
5339
6672
6008
5655
7869
6589
6017
7569
9219
7491
5775
7838
5647
6183
8359
7433
5458
7288
5416
6563
8442
6145
5236
9264
3441
5832
5003
6315
7970
6000
7412
7917
5251
8033
9376
5638
7520
6286
5612
3739
4591
7264
2399
6028
7035
7599
6352
5843
7562
7102
5820
5364
6362
3620
8511
6240
7436
6924
8143
5958
7998
6470
7952
7678
7754
6924
7983
6521
6836
5175
6101
8084
7264
6470
6189
8451
5439
6100
8405
4674
4569
7303
6070
6294
5644
6944
5452
4937
4682
5421
7617
5741
4482
5719
6762
7160
5864
4194
5237
8445
7023
7266
5856
7594
7205
5334
6719
6294
6595
3641
7925
8583
6295
7872
7404
7695
6754
8745
7591
4877
7833
5005
6007
6793
6952
8248
6982
6109
6983
4232
7607
6899
4761
5708
6863
6733
6755
8233
5653
5912
2990
8180
5579
4397
6042
3519
7391
7610
6410
5886
6526
6837
7383
7079
4816
6783
5457
5861
5845
7756
5498
5432
5138
5376
4650
5807
7624
5889
6967
5706
6311
5069
5913
6125
6967
5528
9004
6506
4386
6665
5976
8939
4843
7471
5852
6607
7015
6951
7383
7055
6094
7753
9051
5795
6394
6259
7683
5028
6162
7025
4593
5502
5043
4556
6693
4109
5935
5080
6104
5115
6704
4900
5442
6810
5800
6883
5776
6189
4491
4655
6278
6647
5823
9423
4836
6709
5667
6143
6821
7151
6603
5618
5132
4943
7418
6627
6069
6782
8418
5608
3987
7079
6562
5928
5263
5882
6260
9833
7276
5821
4127
5429
6516
7863
6549
7220
8721
7880
5908
4768
8371
6803
4622
6000
7490
7163
3911
5200
5640
3693
6528
6718
6528
6193
5115
4934
8804
3554
6452
6725
5615
7915
5399
6195
5716
6141
5945
4771
6663
6934
5202
7141
5411
8473
7931
6828
7396
6269
4714
4145
6788
7001
5634
8307
6687
6662
7889
6495
6896
5991
7640
6481
6694
5810
5243
5898
7752
9259
6113
6861
6202
5988
7955
5948
6436
6030
7458
5415
8149
5502
4721
7317
10157
5244
6910
8268
5927
4839
5356
5676
6330
5994
6711
7290
5654
4468
6874
5423
7143
6396
4883
8096
5826
5338
6954
5956
5882
6315
5402
6055
5360
7057
5580
7860
6294
8090
6766
7267
4838
6518
4126
6223
6289
5602
5895
6715
5983
8596
6755
4018
6485
7665
7861
6831
7149
7498
6537
5498
6080
6777
7745
8841
5919
5536
5921
6502
6328
6832
8669
7196
6526
7574
5088
6375
5084
6527
7583
6455
5248
6948
6167
5381
4880
6053
5616
7516
7125
7261
3559
6774
7495
6789
7091
5045
8659
5273
6070
7412
8012
4931
5408
5152
8513
4444
7356
7700
7772
7518
8622
6281
7259
4038
7430
5816
7818
6158
8512
5908
5658
5892
7494
7054
5819
7154
5437
6025
6898
6062
4369
6477
4906
6502
5588
4127
10314
5940
6691
6520
9230
8501
7802
5154
6165
6231
5758
5855
6027
4802
8360
7402
4928
6849
7352
5423
6231
7166
8237
5108
7166
5201
7739
6053
3742
6674
4095
6084
6513
8487
6545
5992
6275
6122
7283
7136
5411
6665
5172
6204
4985
4146
6544
6366
7776
4434
6065
8011
7079
4566
8006
5592
5475
5500
5294
7133
7011
4341
8498
7498
6570
6419
7230
5329
6135
6258
7309
6532
7563
6073
6856
6245
7194
9017
7110
6579
5671
7832
8053
8117
4643
6908
5908
10778
7946
5702
6484
6975
6162
6061
6756
5659
7816
7392
6961
7469
5640
6647
7629
5686
5604
7017
7193
8315
5230
6986
5536
4764
6714
4272
8429
6954
6269
7308
7519
8794
4707
5016
2937
6298
8366
4504
5055
6268
5642
7883
6456
7336
7037
6044
7613
5736
6872
8315
5559
6987
4932
8399
5668
5702
5455
6986
6065
5476
7228
5017
6269
7798
4256
6891
4606
7772
8010
5399
7634
6861
5652
7102
5733
5119
3986
6140
6385
9293
4021
6681
6462
8860
4815
6262
5855
5983
6262
4894
5574
4871
5267
8161
8252
8715
6058
4589
4703
5827
7222
3553
3636
7044
6418
7390
6304
6736
7294
8362
6796
5799
6823
7941
5381
7139
6079
8343
6518
4923
6610
5109
6659
6629
6915
8242
7880
7517
6526
6739
7964
7269
3895
6089
5642
6990
6152
7480
8401
8159
8203
7903
5974
5939
4065
8513
8128
6304
6667
7373
5276
5863
3898
6218
4895
5358
6435
7175
5766
6618
7046
4258
6302
5906
7609
6888
6017
7347
7608
7472
7341
7315
6255
5235
8353
6668
6787
5657
4641
8129
6782
7054
3254
7504
8645
6440
5876
6331
9450
7732
5374
4630
4875
5217
6644
7404
9431
6720
5360
7675
3498
7348
5788
7889
6600
8458
6758
9925
7505
7656
8161
6227
6020
6763
6105
7246
4969
5803
5413
6661
7070
8380
8610
5520
6096
6038
7301
6241
5502
7432
8011
7386
6927
4123
4874
7024
7558
8619
5577
7307
6513
2903
5175
6595
5358
5024
5954
6541
7561
8025
5223
6765
4209
8754
7470
6969
8529
6285
6786
6873
7974
7630
9145
7810
7743
6060
5696
4472
5245
6500
7869
6410
6769
8941
6460
6334
8468
8130
5417
5846
6575
9726
6856
4562
4777
5776
6269
5740
6899
6741
8321
6912
6556
7327
5542
5015
5435
6585
8616
5821
6506
6258
6888
7587
7133
6832
5909
7098
6847
6789
5998
6110
5861
6789
4398
5697
6893
6811
7272
6478
6319
5503
3972
6136
7701
7485
7277
4549
7165
7213
5187
6171
5795
7018
6744
6414
5123
4502
5669
7573
5275
5661
3885
4751
8614
4553
7449
8599
6929
5790
7922
4405
5505
4963
5997
6713
5132
6742
6813
4582
6458
4273
4229
5672
5453
6762
6907
7134
8364
6874
6460
6855
8298
5780
4436
3399
5067
5896
6000
7949
6357
4926
4011
6872
3953
7117
7137
6688
6653
5076
7449
5190
7315
7538
5301
4245
7992
4739
5294
7889
9088
7069
7542
6202
4122
5944
5556
4137
8572
6382
6837
5963
8189
8268
5315
7587
7757
6948
8718
3934
5060
4777
6425
6434
4662
5546
2021
6082
7469
6392
6526
6239
9030
5225
6763
7465
7102
6034
6715
7573
7294
4930
6305
6510
6270
6807
7686
7866
5729
3548
8716
6514
7049
5118
4331
6066
4167
6197
7446
8430
6227
5099
4318
4945
5932
5682
6712
7271
7458
6145
7737
5213
5045
6982
5441
4946
5037
6116
7503
7607
7662
4859
7557
6421
6478
8894
6482
6326
5824
4158
4857
6734
4311
8867
6693
7513
7667
6052
9248
7710
6982
8520
6818
6963
4791
7522
3696
8995
7551
6084
5133
8182
5390
7881
6667
5418
7438
5119
3764
4782
5111
5101
6166
4874
7327
6967
5668
6775
5739
7026
6773
6151
3899
6941
5166
6426
6294
7257
5300
6970
5909
3512
7458
5418
8647
4139
8662
6963
5791
5078
7429
4174
6229
6684
3857
4661
4034
8134
6414
4694
6839
6653
4389
5994
6751
5485
6715
4470
4470
5441
6083
5951
7023
2777
5899
7786
4981
5985
5656
3776
6750
3716
6666
6706
7709
6301
6584
5672
5711
7959
6036
4641
6019
4985
5297
7995
4610
4995
6523
6318
5716
8159
6849
7419
6822
5744
5890
6263
6776
5109
6431
5839
5140
4848
4828
4819
5790
8297
6552
5703
7854
5918
5008
6876
6052
5850
7208
7588
6668
7158
4148
5714
6917
5903
9209
8730
6427
6861
7486
6664
5789
8215
7808
6374
5623
7907
6568
5408
6239
4268
8269
5327
8190
9058
8061
7706
6892
4230
5733
7927
6520
8140
5673
7872
6810
5923
7938
6426
7465
7290
6767
7457
4912
8726
6783
6545
8275
4360
8192
8973
6335
6551
6650
6486
6967
4930
6408
5632
5297
4811
9723
8170
7322
4397
5771
3657
5544
7827
5649
5249
6438
5368
5971
4678
6395
6015
8780
5094
4726
7611
6594
7396
6668
6293
6234
7188
6643
6627
4995
10715
5050
6351
6431
4421
6218
7896
7779
6427
7487
7607
8912
5561
7377
7853
5158
4277
6615
7651
5917
7241
6424
8163
6805
5184
7389
5596
4497
5077
6092
6853
5759
7288
6913
6319
7331
7911
4324
5623
6039
6818
6802
6200
5234
6020
3994
7238
7400
8041
7086
5651
8271
6072
6562
6748
4994
7012
6806
6499
6128
8527
7326
8023
7776
5121
8254
6265
5110
4962
5207
6326
7033
5888
6164
7610
6196
4888
4522
6166
8298
5729
5453
5442
7465
9529
3870
5931
5043
7444
4767
7556
7776
7728
9919
6143
7405
5219
6067
6286
5339
5505
5925
7751
6713
5846
5401
4727
6002
4331
6184
4255
6318
7264
7357
8177
7820
7273
4825
9319
6328
6706
6615
5135
5191
4990
6091
5913
4241
8557
5067
6489
6829
6508
7542
7019
7809
6795
4622
5372
7677
4369
7286
7623
7042
6151
4474
6010
7076
9009
5461
6201
6230
7389
7174
5394
7119
7269
8131
6318
5273
5831
7702
5428
7538
7559
6961
5318
7271
6334
5139
7379
6712
6705
6670
3725
6537
7231
7397
6419
5252
6233
7395
6424
7002
6623
5998
6265
6025
7225
5635
5725
7977
5885
6113
7172
7879
6068
6185
7869
6198
5769
2547
4407
8704
5890
5721
6102
6729
7740
7896
7864
7693
7495
5972
7728
5560
6514
5548
5958
5821
5836
3952
6082
7343
4988
8116
6942
5622
7280
5626
8674
6891
5496
6520
5062
6292
6546
6023
5952
6145
5493
5625
4174
5522
7058
4982
5824
6855
7608
6695
6588
6585
7221
7325
4864
7142
7002
6839
6435
5283
6774
5099
5809
5986
6305
6021
5051
6250
5262
5969
6633
9112
3845
6924
8734
7779
7763
5788
8352
7048
7048
6129
3910
6273
5527
5740
4411
6118
6435
7665
4382
7285
6133
7979
6325
5763
5047
7082
6819
6078
6655
9367
4684
6414
5047
5865
7074
6119
6690
4928
6369
7371
7080
8053
3593
6970
4447
6093
7117
7075
5289
5342
7632
9688
6276
4852
7124
5951
6172
5061
4893
8427
8506
5554
5473
7609
7505
5894
6824
5454
3785
6313
7684
5915
3783
5988
6082
6165
6608
6125
7667
7899
4407
4326
4892
5382
4148
7255
4232
5099
6212
6325
6948
7858
7492
6101
5462
5567
8408
6430
8049
5873
6387
5699
7602
6803
5471
5292
5083
6154
6963
5975
4375
5736
7526
5119
5252
7264
6457
5130
4378
6209
6253
7005
5781
5163
7298
5852
6192
7348
7146
5302
6639
5133
7409
5976
6080
5215
5331
6774
8163
6756
6724
6856
5264
6322
7517
5784
10132
5486
4025
9022
6421
6979
5244
8290
6811
5850
6100
6542
4375
5433
6593
5650
7214
7492
5413
7526
9753
6473
3992
7578
8903
4713
5862
7008
8632
7729
7392
6697
7545
7411
6348
5463
7208
6817
5887
8184
6153
5569
7971
7804
7500
7464
7412
7476
6385
5137
3882
5225
5246
4725
5135
3096
6772
6954
5425
6683
7756
5576
7712
5527
8161
5845
5850
5579
8348
6999
7516
7512
6602
7849
6393
6509
6990
7248
5296
6211
3955
7296
5091
6795
7527
7370
5899
6638
5200
6889
3564
7859
9200
6869
8936
7809
4107
5889
7680
4682
6210
3961
4785
8179
6034
6495
6526
7382
4855
5966
6052
7058
4988
7565
5799
7795
5545
8539
6055
5726
3546
6305
4947
7428
6928
7087
5149
6822
4314
6394
7980
6008
3883
6392
5866
8179
5288
6954
6021
6098
5986
5107
3843
4393
7728
8729
7768
6750
5293
5581
6160
7353
6222
5348
6165
5539
6477
7643
6903
5355
6824
5104
5928
6247
7355
3119
5253
4648
6322
6470
6935
6508
4747
8415
4389
5837
6539
8169
6515
5920
5532
6834
6122
4659
4391
6041
5380
6753
3593
8340
6573
3700
6831
6321
7712
8287
7077
6816
7575
6049
4388
6219
6216
6505
4152
6253
3924
5422
8647
7490
5927
4681
6657
7149
5280
5266
4692
4285
6368
7499
6795
8310
7540
3331
5404
5432
7456
5502
5263
8998
4129
7473
7013
6092
6838
5904
6988
7515
5515
6609
5935
5602
6828
4764
7958
7635
7861
5165
5729
5789
6926
5936
5420
4271
5169
4891
8257
6958
3864
4677
6484
4353
8773
7544
6949
8582
7455
7792
7787
5332
7741
7120
7245
7378
7664
5696
7843
5959
5495
8185
5644
6643
6330
7209
5824
6994
4759
6619
7716
6771
7333
5505
7305
5405
6294
6774
5144
8432
3700
4752
8688
5479
7037
2378
8006
6039
6789
6957
6356
5474
6527
6675
6982
7892
5977
9243
8257
8918
6135
5537
5359
5355
5835
4971
5977
4322
4987
8206
6620
6876
5141
5579
7915
4742
4795
7434
5591
3975
5032
5910
4882
4765
7111
7772
5597
7038
7183
7565
6182
5910
4308
7937
6007
6553
7112
5841
6817
6483
7603
7620
4405
4975
8441
8709
6663
6160
4868
6454
6156
6881
5561
9539
4581
5896
4966
5618
5191
4615
7624
5993
5367
6649
8399
6356
7597
7709
6502
6942
7384
5743
7614
7082
4532
5728
8070
4284
7349
7011
5247
7377
7220
6822
5510
7916
8653
4645
6732
6139
6866
5251
6870
9629
7968
7304
8004
4496
5487
8569
6135
5778
5566
3503
5085
6231
6175
4492
7401
6186
7750
6625
4756
6238
7191
6858
4484
5293
4815
6808
7943
6128
6752
4837
6035
5350
7237
5800
6348
8477
6524
7854
5780
6430
2952
6142
8222
4830
5294
4058
5500
5439
4871
6347
7572
4676
7314
5506
7181
8562
6722
6380
7466
6633
6204
6167
6922
3384
6964
6732
6714
8477
6626
8787
8248
8637
7608
8220
5605
6419
7799
8447
8206
5988
7083
5068
6764
6073
7989
6339
7037
5000
5534
5157
6211
6970
7644
6145
6048
7108
7432
6997
6159
4758
3614
7083
9290
6013
8766
6007
7728
7053
5237
6336
6852
7199
6638
5924
5506
5626
6271
6653
4829
7377
6058
5736
5908
7427
4594
7962
5780
6547
7636
6510
6072
9810
5121
8411
5442
8928
7623
7061
4961
5583
7637
8396
6727
6756
5158
5004
4568
6364
6828
5491
6698
5768
5923
4894
5950
7583
3817
6719
6377
6883
5519
8320
6553
3740
5875
6082
5298
7331
7138
4361
5748
6241
6990
4544
5306
7010
6546
9571
5913
6667
6117
6992
6090
8025
5706
5510
3688
5581
5963
6100
4995
2320
7441
6089
9698
7690
6631
6229
4664
6234
6818
6549
6381
6757
6121
6826
6443
5656
6736
7001
8380
4515
5258
5204
7129
6131
6405
6278
7516
7006
9815
6006
7322
6978
5338
4990
6690
6904
8634
6750
6524
6671
8047
5317
9525
6988
5338
5946
5178
6109
6375
5360
5763
4726
6617
6140
7940
6162
4702
6623
3802
6192
7641
8049
6904
5431
3690
6125
9251
7026
4009
6718
6011
6714
5207
5965
7378
5177
8532
5074
9831
6165
7400
4269
6732
7225
4632
6465
5621
7612
6673
7486
6299
5048
4442
7192
7001
5086
6510
7288
5879
5120
6603
6741
7377
4830
4885
6009
7493
6688
6382
5562
7640
7530
6807
6321
7640
6881
8420
5183
5811
4443
7912
5258
6190
5786
8782
6427
7507
4969
7823
6292
5617
7934
7577
4370
3407
5521
7870
8296
6024
5630
5702
7868
5836
3518
7157
5670
6300
5408
6775
6921
7653
9032
5741
7314
7531
7804
6668
7516
8825
6102
6661
5158
4900
9059
6631
7103
7487
7727
4715
7424
6143
7306
7082
6992
7654
2872
4559
7582
4705
7490
5493
5256
8807
6291
4004
4459
7067
7849
5202
8991
6198
5700
2852
6383
7362
8322
6150
5225
6173
4205
7523
4736
6635
7926
3502
8451
5752
8215
6418
6612
6418
7747
6933
7303
7610
5306
3446
7163
5069
6215
6617
6170
6373
8840
7403
5918
4650
6180
4784
8180
7234
8686
7605
7336
6077
5131
5612
6456
5682
6298
7590
5722
6351
8957
4782
5955
6512
6987
6138
5735
6818
5480
2986
8157
6725
4964
7549
5720
5214
7020
6920
3291
7038
6408
7494
8505
4740
6914
6197
6216
5535
6317
5625
5375
6609
4546
6577
6847
6369
5110
8595
8548
5172
6592
6588
5164
4747
5599
6295
4704
7155
5270
7601
4873
5825
5899
4381
4191
8599
5696
7820
7050
7435
7420
5960
3134
4388
6946
3915
4876
5200
4750
6802
7661
5013
6428
5191
8041
6924
5556
7642
9058
6841
6064
4952
6188
5482
6349
5209
7615
6901
7011
4104
5079
8469
6088
6735
6834
6267
6473
8482
5044
6273
5838
6877
7475
6176
7995
7083
6409
7112
6378
7984
4661
6325
10249
6676
7761
7006
7768
5216
8419
4829
4161
7497
7635
7230
8282
8197
6589
3993
9535
7685
5588
7105
4888
6854
4921
5813
6610
5247
6738
6513
8440
5391
6412
7729
6308
7025
8138
5230
5963
6466
7143
5563
5994
5886
4859
6729
4863
5209
7235
8010
5462
5123
7466
5611
6385
4628
6708
6327
8100
7215
6638
5915
4652
3674
4979
3417
8043
7574
9775
4322
6073
6121
8134
4785
7543
8844
4474
5237
5498
5989
5210
8018
7454
5992
5245
8656
7068
4655
4772
4769
7032
7506
2913
5946
5467
7498
3781
6566
5430
6295
5835
7531
6912
7348
7019
9407
8338
7008
6816
7070
6127
6708
4226
5140
5837
5853
3458
3933
4042
5314
5632
7686
5883
7288
4912
7228
6695
8556
5851
5808
7258
6346
4388
5932
7844
5179
5500
6217
4922
9596
8738
7754
6912
7576
4271
3479
5689
8145
6930
5684
6317
8659
6738
9388
10483
6374
3977
6909
6471
9879
7352
6375
5555
8298
4665
7696
6154
4515
6620
7847
5586
8383
5456
8704
5932
8413
5293
7514
5239
7357
6084
6361
6460
6828
6225
7020
5869
5991
6104
6176
6715
6382
4685
6385
6936
6292
4930
4731
4272
4689
6171
6672
6262
4854
5881
5144
4702
3045
5732
8508
6467
6140
5990
8041
3800
7566
8728
4125
6170
8642
6867
6939
7321
6328
7068
6222
6378
6551
5866
3346
6818
5629
7437
5641
6953
6833
7675
7564
5899
7052
7770
5953
5418
5464
5305
6109
7755
6452
5358
8021
4781
6816
8808
6566
7592
6370
6853
7622
5868
8445
7678
5343
7225
3919
5972
8691
8115
6217
6983
4309
7431
7871
6532
8230
7092
5609
7942
7567
4916
4443
3028
8011
4636
7635
5594
6232
8158
6982
4861
6751
9317
5851
6595
4098
6599
6333
6383
6203
7094
6948
7731
7003
7777
4400
7854
7343
7206
8754
6066
8437
5591
5487
7512
4111
4769
7009
6216
7534
8037
6807
4906
7573
4140
7922
7914
4859
5030
5795
8138
7050
5753
8207
5719
5498
5431
6200
6822
6896
7106
5387
5413
6614
6186
7262
7307
6384
7885
5397
6745
6808
5937
5920
5192
7764
3972
5572
6210
8126
6081
5827
5673
6149
7157
6843
8939
6422
4398
6289
4345
7893
6445
8319
6086
6554
6618
6832
5864
6057
6183
8493
7195
8512
4773
5392
8148
7508
5210
7484
5719
4582
6287
7666
4112
8093
7758
6156
7672
7163
6061
9306
7610
6500
7426
5540
6161
4730
6129
5078
4364
8265
6065
7653
5543
6394
8551
8314
5842
6417
7531
5599
8863
6081
5663
5725
9456
7726
6376
4966
7151
6324
6106
7986
6522
7100
5611
8226
7139
7582
7910
7220
4941
7082
5510
4789
8121
4122
6835
6814
5096
7036
3621
6797
4506
4189
6123
6273
8580
7236
7131
5210
5717
6422
5398
6554
7681
7811
5693
6276
5647
7649
6946
6457
6240
7148
4983
7203
6756
6739
5211
7919
7466
8059
4151
4649
6313
9247
7681
5503
6391
7372
6215
5080
5350
8066
4583
6102
9051
6813
6086
7337
6479
6348
5357
5937
6249
7046
7806
6192
8618
5931
6231
5448
5549
8766
5955
5989
5575
6726
8009
6032
7060
7634
5642
4102
4528
4914
9415
5476
6982
5718
7082
6161
6143
7404
7415
6392
5831
7822
5716
5820
3837
4586
5776
6908
5352
3644
7069
6112
8990
8815
5657
6695
3128
5124
5675
7184
8198
6427
8354
7161
10608
5409
6832
5869
6244
7390
4543
8287
6047
5426
6778
4400
6243
5446
7572
7720
5961
5419
5181
7159
8430
7138
6837
5937
3396
6132
6296
5881
5439
5943
6656
6780
6805
5860
5526
7829
5140
7229
6440
3767
5855
7194
4518
6673
7596
4712
6596
3712
7425
7035
5201
8431
6730
7008
6169
7812
7482
3939
6040
8153
5604
5908
9483
4338
5141
8591
5801
4021
8992
5677
6430
5554
8185
5959
6942
4752
9332
6596
5611
6400
5429
3728
6540
4669
6586
6084
6345
6074
5759
6601
8627
7058
8036
6864
8909
6716
5927
5381
7401
7531
6165
5050
5601
6037
6682
5748
7289
5782
6596
9593
6472
7251
8196
6903
6979
6177
7253
4585
6778
9019
6899
3188
7100
5724
6491
5800
8524
7347
6857
6018
4957
6234
6016
8241
5200
5432
5654
7426
7965
3880
6531
8413
4828
7144
4945
5373
4493
5729
7635
9761
9139
6966
6317
6702
5493
6247
5106
7107
5576
6049
5696
6477
5902
6135
7709
5537
6052
5731
7747
8622
6405
6378
5758
4890
7885
6171
4332
2899
8082
8223
6595
6627
6943
6650
6220
7066
5724
8010
4785
6341
8537
6373
7252
6740
6782
6240
8141
7265
2439
7879
5656
4424
6808
5332
5796
10004
5648
6746
4192
4614
6668
5617
6791
6510
7357
5392
4232
7707
7246
3164
8786
4574
5512
6184
7196
7126
7097
5405
8178
5796
5742
6009
8270
5893
6622
5741
7016
5751
5679
8815
4953
5259
6897
9685
7067
6259
6155
4371
4357
8308
5519
6485
5862
4464
5966
6738
8197
5780
6996
6986
7095
6259
4853
7713
5428
4942
6515
6848
7672
7586
8433
7257
5998
7257
6768
5648
6369
6059
8943
4762
6631
4650
5375
4752
8718
8107
4989
7206
5297
7561
8108
3808
5719
5295
6928
8760
6844
6423
5608
7127
6851
6804
7073
6130
5403
6508
5919
5336
6616
7379
6560
6760
8250
7257
8248
7082
6309
5860
5274
4202
5496
3603
7684
7442
7629
7362
4858
6829
5085
6048
3797
5755
6728
5193
5845
4096
5300
6825
7356
5544
6275
4549
7072
6675
6970
5012
5648
7115
5914
7632
6835
3741
6489
6274
6973
6384
7328
7367
5737
6067
6967
5605
7787
4679
6694
6644
7982
4050
6521
4748
7270
7357
6945
5974
6367
6388
6404
5927
5521
5971
5329
5880
7230
10309
7974
6334
6508
6059
7119
5657
7416
6173
7359
7664
5874
7643
5680
7463
5972
5750
6821
8684
5751
7621
6214
5501
5014
8290
7796
6392
4631
4624
6901
6525
3833
7838
8029
5959
7120
6489
8614
6779
7403
5785
4296
5478
6230
4668
7584
6869
5221
5774
6308
4933
7002
5419
5840
5821
5700
8296
5966
6875
4988
5598
5663
4963
8869
4475
3351
6848
7246
6897
5247
6828
7474
5904
7083
7643
6264
7119
5337
8660
5575
5061
5730
7249
3828
6624
6636
4563
3883
6537
6714
5430
6009
4573
6795
7044
4360
5220
7276
5278
4320
5783
7568
6281
3569
7754
7316
5452
8839
6160
5281
6035
4970
5316
4292
6672
8032
6286
5784
6651
5342
6222
4934
5669
8420
4118
8113
6086
6361
6373
5567
4674
5362
8280
6175
5294
4822
7181
5638
4814
8604
5980
6689
7863
6220
5908
4032
3839
5734
8186
5117
7136
7022
9413
7500
6268
4404
6551
7146
5673
7669
3831
5193
3559
6341
4979
4960
6541
7228
7166
6971
6129
5050
4806
5196
6398
2252
3315
8003
7312
7406
5871
7146
4486
6610
7836
6313
5421
7531
6268
8494
5563
5939
9382
4396
8006
5754
4740
7594
7867
4904
8427
8126
6210
6262
4650
6754
5496
3890
7259
6668
6365
7925
5130
6799
5476
7432
5643
6510
6069
5651
7612
6389
7294
7593
7069
5636
3878
6591
6786
6650
5502
7351
3950
5160
7830
4535
7054
6517
5194
8000
3234
6967
5465
6017
7664
6224
6753
6719
5037
4389
5260
5672
6494
5528
8294
7191
6814
5514
6244
7355
7351
7116
5827
9520
3810
6763
5936
7772
6249
6618
5129
5304
7092
6236
6393
5888
5846
7718
7505
4309
6927
5146
6067
6859
5700
7032
6412
6009
4773
6823
5506
6625
7111
7964
5629
6945
6722
8069
7391
5722
5883
8606
4649
4919
5785
7443
6509
5293
3711
7069
7606
6860
6506
4570
4335
7033
5886
6295
6527
5912
6068
7680
6497
6322
6827
7053
7031
5002
6876
6786
8622
6849
5641
4596
7208
7161
6704
7569
7387
8485
8520
7606
4855
7262
5946
8275
7604
5827
6485
7387
6722
4013
7918
6149
6980
6504
5824
5492
8774
7071
6706
6935
4953
9986
8464
7313
7368
7466
7070
5663
5616
6718
4888
6895
6808
7535
5018
6777
4519
9493
5921
7763
7519
6395
8313
4952
6064
7338
7407
5195
7337
4171
8531
5187
6944
7551
6878
8645
8109
6353
5834
2828
4856
7332
7103
7368
8458
6540
5465
5370
6686
6463
5085
6039
7901
7863
5015
7464
5435
4050
7396
7241
8384
5241
4597
5199
4777
4989
8362
6058
6328
7086
8038
5592
5278
3947
5887
5796
6186
6504
5893
7303
5704
11173
5695
4896
6632
5480
7877
7617
6130
8210
7118
8341
6231
6940
5332
6326
8716
7291
6888
5028
7813
4552
5863
7532
3680
7859
6361
6205
4375
5659
7704
8918
8667
8560
8640
6789
6345
3506
5471
6933
7933
7267
3936
4069
6322
7694
7853
6904
5379
7755
5998
3756
5001
5459
7412
7541
5621
4825
4639
7254
7980
7501
6579
7253
4542
4279
6488
5568
6957
4173
5301
6419
6440
4928
5994
6807
5363
7496
6713
7318
8915
6508
5160
8409
8304
6858
5217
7858
6561
6684
4052
3738
5779
5683
5682
5634
6354
8307
8079
6649
7040
5917
6263
7636
5675
5081
6683
8180
8266
6078
6159
6088
6250
6688
7699
4943
5575
8172
6283
6618
6732
6015
5322
7454
6796
4280
7199
6920
5693
6360
5051
6558
6529
4783
7470
3270
4859
7232
5224
6425
7237
6688
5753
5747
6537
8931
8099
7925
4572
4350
5101
5977
8527
6794
6395
7119
7936
6656
4479
8100
6407
8875
5534
6699
4914
6328
5602
6150
6557
4936
6377
6963
5839
6465
4751
6376
3006
6085
4669
6165
6766
5071
5674
7797
3989
6272
8822
7652
3868
6759
5578
6815
6082
5097
4364
6279
6150
5869
6124
6787
5793
7384
4288
6465
5661
5931
7102
4833
8781
5625
5659
5483
5070
7488
6706
7538
4999
6983
4345
7859
8600
7893
9525
6746
8122
5350
5864
5335
6550
5396
5963
4078
6771
6068
7597
6473
7794
4676
7049
6698
5528
6367
6702
7508
5384
6654
7173
7230
5821
5837
4214
6328
6343
7385
7678
7846
6718
5891
6543
7650
4933
8245
8016
6741
3922
5642
7913
4649
5493
6749
5560
7507
3926
8061
7177
5426
3919
7192
7150
8255
7364
4768
8018
6925
6490
4246
6036
6494
6228
6866
6777
5852
5236
6356
7326
6000
8324
7320
5683
7593
7337
5386
7261
6059
4179
6933
8602
5305
6736
5665
6598
7235
5658
5291
5804
6194
8226
6983
4854
7131
4299
4961
6923
6422
6394
4928
7465
5340
6172
6413
5194
5919
7111
5348
5667
7777
6131
6818
8693
5792
7008
8050
4277
7760
5646
8887
7084
10116
4936
6240
5228
7236
6857
6597
6277
5699
6726
4810
6527
5620
6467
6185
4056
7188
8937
5533
6906
5799
7847
5993
6852
6092
7158
8086
8330
6449
6865
5912
6550
7020
8108
6956
4628
7741
6600
7188
6876
4733
5809
7748
7484
5222
7503
5919
7276
4388
6609
6838
8313
5805
7869
6216
5168
6710
5508
4904
6629
5488
3627
4702
8685
8188
6854
6787
6774
5528
5506
6521
6346
5795
9362
7058
8111
6725
6235
8175
8321
7015
6230
5295
6373
6562
7256
5292
7270
7105
5244
7203
4499
7471
6451
7307
5859
6173
3792
3183
4389
7389
8222
6979
7907
8802
7814
7452
7404
7138
6950
5944
6412
8101
5026
6916
7777
5613
7226
4975
6493
6512
4805
5866
8118
6213
6370
7962
5155
6908
6411
6854
6760
7240
4174
5488
7816
7780
8186
5436
7309
6826
6586
5608
6381
6925
5535
6893
6873
7766
6577
7490
7600
6453
7641
4954
6708
6723
6817
6427
7102
6327
5796
7770
4424
6949
5341
8451
7332
5300
5450
6736
5427
6215
8695
9319
6837
6529
4143
5479
4764
7959
4592
5133
6369
8116
5499
6398
5718
6243
5168
4632
7236
6310
5700
5982
5538
5428
6096
4530
5909
5151
6676
5927
5812
6196
7159
5749
5668
5693
6337
6312
5311
6471
7453
5093
7606
8058
4613
7730
8115
6519
6303
6635
6034
5728
5014
4820
5841
7563
8101
4512
8690
8776
5582
5920
4353
5207
7404
5836
6013
6974
5340
8088
6545
6235
6264
7412
4600
4196
5745
8006
6936
4160
5682
4284
5224
5296
6465
7683
5612
7025
6545
6487
6045
8160
5983
5611
5230
8715
6217
5345
5288
8265
5576
6820
6602
6538
6045
7215
5583
8793
5282
6493
7009
4953
8040
7071
7657
7618
7096
6093
7029
6346
5987
6374
7018
8713
6670
6806
6481
7962
7943
4488
5831
7972
4744
5630
6375
5880
6505
7759
4249
6692
7669
8013
6141
4068
7429
5698
6333
6086
5306
4762
7783
5055
6469
5142
4376
5263
5792
6269
6872
6854
6006
7185
6766
7791
4883
4687
6212
7803
8644
6947
7107
6358
7067
5794
8168
4508
7886
4762
4918
4527
4430
5928
5863
8035
6601
6590
6948
6734
7342
5654
8808
8759
5918
6919
6964
4932
4047
6381
6356
9112
5178
7771
4411
6089
5088
6337
7514
6787
7566
7833
5006
4963
8041
7336
6469
6530
7401
8600
5131
4063
8706
8007
5752
5089
5419
6105
8078
6171
9202
8179
6549
7079
5573
7153
6278
6660
5562
5604
5404
6253
6618
6847
6571
5797
6691
7545
5796
7007
6272
8548
6173
6090
6355
6589
5246
4183
4706
4410
7454
6533
8628
4382
7762
9312
7459
6905
7170
5361
6681
6526
6916
7717
5940
7610
4196
6876
7911
7484
7103
7342
4787
4275
4000
3755
5941
5760
6498
5034
5555
6780
6702
10698
6496
6783
7831
6151
6472
5907
7282
6190
6484
4761
8161
5786
5687
7091
5272
4833
7611
6463
4496
6917
6667
6950
5338
5804
9557
9774
7346
6302
5285
6992
5529
7267
7129
3586
5617
7746
5478
4977
5973
7474
7598
5979
7062
6368
6279
7174
5370
6380
6747
7039
6808
6759
4689
2889
5291
6036
6805
5564
5470
5035
6630
5452
5050
5892
7154
7105
5518
4230
6281
7926
6308
6502
7227
8115
7429
5831
5890
6598
6311
6129
5983
4158
5545
7360
6523
3941
6844
6393
5868
10248
7995
7246
6100
6592
4384
5606
4752
5685
5601
6145
6256
4828
6769
6358
7051
5120
5671
4046
6485
5298
7614
7153
5698
7596
6895
7301
7162
5765
4125
7641
7731
7288
7953
9455
7113
6455
5491
5085
6806
4526
9337
7931
6897
6618
6515
6588
7266
7484
6103
6597
7781
6227
9854
6001
6615
6354
5587
7206
6850
8951
6445
6948
7716
8408
7250
7234
5456
6753
8294
5219
5773
6120
6409
6398
7601
5158
6061
6940
7982
5945
7742
7059
4791
4631
7778
3847
6822
7550
8050
5730
3178
5931
7334
7776
7554
5682
6148
7040
3599
6641
5837
6619
4430
5522
6935
7335
6104
6218
7685
7019
8468
9432
7625
6936
4808
6530
1428
3004
7480
5543
6250
4423
6655
5714
7260
5557
7601
9248
6211
7354
5218
4209
9765
6957
5717
8806
6860
6940
6593
3933
5104
6293
8570
6814
7235
7844
4869
5681
4690
6207
6681
7344
7503
5198
5300
6302
6192
7716
6819
8635
6283
7307
6688
6881
6055
5543
6209
4088
4795
3602
6740
7228
5631
6813
8888
6125
8681
6623
4906
7955
5414
6518
6070
5187
5170
4005
5806
5341
5411
6563
8669
6568
6591
5286
6290
8255
6793
7969
6245
5384
6645
7005
7461
5231
6398
4029
7541
6140
5804
4997
6256
6267
5688
4733
6011
7243
5466
6200
4882
8924
5997
7032
6701
4942
7185
6044
5291
6932
6481
6351
7109
5065
8991
6832
5446
6266
5019
7498
5978
7138
7802
7174
5425
4622
4805
5505
8777
8679
8492
6354
5944
4768
8644
9599
6774
6596
6514
5185
7969
5903
4360
8283
6518
5295
6880
8855
6278
5321
4951
7387
8332
7062
6570
5891
8873
7249
5998
6841
7525
8488
7314
6901
6807
4687
6244
6455
6340
6508
5387
6653
4001
7129
4877
5301
4055
7362
7820
7842
5651
6162
5536
8236
5674
5145
6600
4957
7256
4655
6585
5175
5796
6215
5860
6618
7038
6036
5517
7505
6960
7610
5811
2623
8380
9193
6306
8051
6005
7266
6169
7951
5773
6949
7027
8394
5476
6906
5363
6404
6633
5282
7643
5866
5828
5788
6350
5587
7764
8648
5637
5727
7092
7330
7277
6233
7745
2417
5253
7316
3668
7865
6601
6311
6834
6744
7022
6444
6051
7944
5424
7712
8178
8351
5700
6781
5396
8239
6003
5912
5162
3382
7497
8087
5843
6548
5590
6696
4746
3453
7729
5597
4331
5965
5794
5486
5275
6801
7363
8312
6529
6755
6718
6318
6107
6590
5934
7012
6654
6607
4691
7922
7714
6207
5137
7346
5296
6291
7459
5335
5382
6929
6348
6699
6666
5966
5000
6475
7052
5829
4504
6974
4725
5450
7954
7435
7470
8158
5445
6814
3494
6468
6767
6140
6949
6453
4439
5124
5607
6925
6217
5437
5724
6300
7301
9264
7662
6078
6440
5257
5775
7530
8975
4598
3881
7137
5293
7001
8028
5019
5334
6288
4403
6203
6741
7502
8170
5176
7439
7918
7554
6238
5788
9085
4989
7138
8654
7158
7285
5761
5449
8026
7185
7203
4127
6545
6722
6398
6364
6210
7558
5929
6385
6699
6825
7345
6504
5895
6674
7155
9091
7524
4996
6087
5879
6797
4878
8350
7453
8194
5249
7619
4494
8175
4712
7497
5727
5500
5694
5949
8403
5594
7943
4560
4298
4128
7320
6064
5417
6076
5260
5844
6386
5843
5636
7913
7957
9331
6319
6332
6018
6722
7213
7185
5076
4728
7075
8084
6756
4334
4721
6708
5431
7322
8174
4389
6376
6211
6262
6067
8441
6947
8337
4882
7474
5352
4610
7383
6332
7216
5859
5080
6314
4074
4581
9096
7465
7681
3513
3583
6853
6480
4458
5998
6162
8104
8566
5150
5286
7922
7334
5462
6098
6117
5309
5905
6351
6751
6693
5365
6204
5639
5581
6888
7990
6939
9514
5026
6155
5956
5569
6666
5484
5580
6447
4282
6411
5764
6475
5686
7085
7037
5544
6337
6719
6188
3350
5001
6533
4792
7317
4084
6257
5481
6543
6835
6180
8000
6555
7779
6325
6464
6258
5067
5449
6093
5516
6656
7031
6213
5392
8164
7562
7836
5497
5330
7236
6891
8924
5666
6337
7655
6120
8085
8731
7747
5008
5059
7090
5647
6607
7462
5679
4003
8748
5814
6615
7006
9556
4699
5888
7590
4281
5185
6090
7555
5305
8708
7697
3384
6756
4893
7350
5819
7043
6028
6656
3794
5368
6135
6530
4532
7608
3340
4487
4924
6496
7554
5792
10618
6357
6946
6760
4337
7692
5583
4466
7203
7653
