1600 32000
835
1023
908
967
652
942
1092
856
867
820
635
931
833
675
1130
878
700
878
843
758
760
648
742
644
812
949
641
912
747
828
731
447
991
636
1037
835
1047
1092
740
599
1013
823
768
534
692
628
590
567
848
853
807
792
656
759
699
945
740
888
528
884
768
480
649
739
791
717
970
679
839
708
942
1121
835
754
630
868
828
1022
451
581
716
837
695
446
895
915
728
1120
832
633
771
852
1008
617
827
1023
744
974
976
548
791
930
688
1068
822
879
911
461
841
862
867
639
703
828
1135
633
574
541
764
772
704
765
1154
946
657
536
1019
850
839
801
823
825
1178
865
660
894
683
702
884
763
831
564
563
1028
801
695
771
640
1006
732
980
800
831
976
804
1232
887
916
642
699
657
828
826
739
701
677
1002
1000
871
846
1102
839
873
988
1181
853
799
805
791
674
1041
744
878
959
854
501
952
965
696
791
793
606
911
656
883
740
997
844
616
878
734
732
950
459
978
646
907
987
623
693
813
985
1181
705
662
1018
770
491
852
642
523
888
785
744
924
1160
597
792
667
967
722
635
912
823
817
813
754
820
857
559
741
640
754
821
718
797
555
872
651
761
1016
520
853
462
1095
790
448
600
846
534
840
814
966
496
797
578
739
1094
1049
1012
855
794
858
1086
542
685
597
723
865
674
824
775
521
769
801
516
751
585
844
915
947
681
667
972
750
815
714
739
740
729
742
958
488
724
970
732
1049
873
524
814
700
663
714
1100
669
743
1130
856
961
504
812
776
654
727
817
876
794
751
761
994
896
993
950
476
855
869
628
734
953
760
931
656
619
816
840
837
692
691
1002
921
826
928
624
956
706
666
725
738
684
835
639
639
1110
953
741
743
748
644
720
724
1275
1255
857
592
1002
750
919
868
597
833
946
543
757
844
797
795
878
480
724
883
664
910
1049
710
721
499
1083
648
726
935
671
1192
473
772
780
611
762
601
1025
784
660
759
939
763
988
693
533
903
887
885
1092
1045
1131
545
870
878
716
862
633
879
684
939
780
859
804
813
846
798
788
926
631
942
773
1017
660
432
831
851
838
855
1069
769
921
735
796
715
767
729
788
922
873
686
1089
579
706
644
981
589
594
818
894
956
640
865
588
894
714
958
723
641
574
799
666
873
844
954
959
904
713
1048
683
752
661
618
905
886
1051
741
450
562
889
883
886
839
716
1044
702
788
838
819
773
857
944
824
706
730
645
1020
1014
641
741
685
587
986
1177
958
631
819
777
924
852
752
776
815
687
840
787
935
836
848
1033
755
829
925
882
958
812
652
944
666
781
726
724
932
880
901
774
688
950
1007
612
902
911
920
1122
783
916
802
757
1111
755
548
871
806
731
966
916
991
649
865
1034
951
1069
608
879
839
754
876
887
619
742
898
935
729
999
717
556
573
580
735
771
708
847
838
752
646
834
832
902
958
878
1126
710
544
1000
929
909
852
783
561
595
765
762
1143
648
794
918
911
534
920
928
853
792
1111
953
748
794
713
832
899
819
678
849
818
762
662
846
632
815
844
1144
970
738
808
854
891
958
752
899
890
783
820
805
830
551
996
946
660
865
685
631
829
460
621
1143
639
658
938
657
912
704
1103
932
1067
729
895
755
778
709
586
966
679
930
708
824
741
507
858
610
1022
978
915
955
673
432
989
1013
939
720
867
677
806
654
940
832
789
610
937
862
848
815
448
672
919
844
766
754
557
685
873
790
729
562
961
1149
785
841
745
677
599
809
824
571
679
679
763
702
755
802
882
652
871
679
844
761
825
780
778
737
930
917
693
724
772
456
966
442
884
997
944
942
752
743
735
1293
757
860
905
922
896
900
856
712
505
910
539
589
828
382
765
969
900
676
825
830
920
651
816
776
807
775
521
877
587
958
640
1022
741
446
820
892
778
934
1055
807
930
719
837
691
963
948
569
1016
947
876
736
913
770
667
1021
789
776
682
665
700
900
771
684
902
1032
772
814
804
953
822
801
794
962
710
811
856
765
1024
703
971
1008
1010
998
838
712
854
899
857
707
677
1049
1163
751
900
811
795
689
787
704
735
730
591
665
878
610
691
411
1042
1038
551
1005
1288
665
785
745
1089
674
972
736
775
778
911
641
792
689
594
709
774
855
1102
567
879
982
833
555
678
826
709
1049
1028
763
440
1019
961
804
867
641
547
847
872
809
855
843
974
987
877
779
651
775
625
1086
864
447
619
684
526
727
775
1029
1098
597
988
700
745
835
662
985
641
919
929
845
352
1057
701
673
829
503
890
933
791
808
745
856
611
701
938
702
946
884
844
845
1048
849
490
648
838
736
558
745
729
836
844
817
943
1015
711
828
745
954
796
1008
747
854
570
779
816
811
661
554
834
676
714
722
738
526
1081
638
843
693
696
985
772
817
1035
676
891
853
596
974
571
675
594
919
981
600
765
698
915
780
1247
1005
895
753
1013
924
834
589
1014
752
572
747
762
823
624
1101
881
505
743
669
763
657
895
642
451
817
709
766
636
834
744
1041
842
779
914
529
877
804
791
762
1043
891
676
1062
898
702
891
757
723
1265
741
677
742
701
810
738
289
947
484
864
613
879
853
1007
715
908
1051
768
818
707
894
620
865
891
739
769
882
658
765
765
931
530
838
1136
818
703
789
627
923
474
835
831
1073
780
625
722
871
761
1067
810
946
683
890
867
690
1014
721
698
958
963
738
791
670
782
944
721
631
632
546
650
905
1267
831
692
731
652
570
1037
772
840
621
1009
967
683
1056
787
860
874
772
556
957
885
673
962
746
845
611
1027
650
813
775
923
1202
1005
923
969
1101
948
789
853
625
334
465
568
777
1058
666
605
500
872
718
911
660
779
843
1055
773
922
649
676
911
734
964
637
881
829
921
680
825
672
868
417
661
820
826
764
882
765
378
954
973
896
981
604
669
773
897
998
772
750
669
1161
772
1021
385
1085
847
901
547
876
687
917
560
581
671
852
689
697
890
1053
1029
662
1100
515
873
904
834
534
756
689
985
915
874
891
949
717
1103
764
920
670
811
931
676
782
597
913
765
570
504
536
836
468
804
769
823
472
634
1167
812
784
952
648
525
808
647
646
657
925
651
1180
1028
837
649
823
649
853
619
845
1163
773
778
921
833
1026
830
634
618
811
818
1083
654
725
477
501
794
858
920
748
933
965
816
968
740
426
791
1042
775
782
752
732
649
517
1032
844
691
878
591
939
775
581
565
749
902
748
886
1163
860
927
780
716
859
653
976
717
842
678
840
685
788
706
970
779
562
646
856
870
961
839
709
931
704
716
966
936
885
579
656
681
510
461
1142
773
773
898
553
660
530
668
743
411
628
827
563
875
457
932
776
791
781
625
666
660
892
804
959
645
735
642
264
667
701
936
867
887
942
831
541
1047
683
930
693
1005
1061
908
1020
928
675
864
635
1084
923
826
915
750
906
755
1073
630
997
1006
909
563
479
907
589
600
782
608
856
930
685
774
759
588
591
732
666
577
622
983
1025
601
911
886
643
520
761
809
747
880
828
805
659
877
891
930
560
685
979
778
585
834
580
994
730
735
698
847
926
539
696
743
909
872
648
794
852
822
796
748
863
953
554
758
876
776
676
969
964
843
828
623
885
953
812
872
949
800
927
737
893
630
1144
812
785
788
980
617
876
566
946
1125
666
744
575
722
380
822
791
787
645
635
843
757
1026
710
762
1044
1009
1045
875
1126
850
495
622
942
581
921
1082
824
502
1045
608
760
937
1009
614
618
702
821
931
741
773
969
690
1025
