1600 32000
398
706
570
1212
478
28
839
594
1333
1473
1349
1301
486
831
235
552
424
357
59
586
1017
582
962
422
1418
559
788
559
428
876
154
172
302
334
254
1563
1144
468
1174
1117
550
1140
1095
770
1406
379
129
1063
1323
535
478
241
512
60
1162
481
1201
1079
538
192
192
609
1161
1048
847
789
893
293
1575
335
231
260
1189
173
1094
196
1019
529
245
1240
972
912
1124
289
1090
1230
433
428
1393
749
260
810
1275
1499
768
84
436
1288
513
138
880
1577
1545
478
1119
1358
1433
471
986
305
926
778
158
1542
749
1158
452
556
510
919
824
1369
556
1427
1078
946
623
795
637
634
1035
1571
426
329
1547
197
413
1119
1537
577
765
315
1157
1282
578
1084
1191
474
1030
461
1548
1431
19
1418
1071
762
254
1187
363
948
636
254
1305
1075
900
694
1154
318
39
743
280
234
119
413
1354
1443
1512
1155
801
1573
1344
1218
263
749
548
306
1499
354
1412
1470
296
1006
576
912
465
908
1366
909
1272
20
1404
73
1537
1131
1367
409
465
296
215
1355
509
1270
218
1551
760
1523
757
517
694
287
424
613
625
1113
627
1524
1378
1010
469
588
245
103
229
1574
1147
1457
1327
11
1210
1014
1037
782
188
1303
636
151
97
340
256
1109
977
1540
1109
829
107
1473
1434
788
754
815
292
496
594
987
1285
999
752
220
101
1268
377
273
362
1494
294
1584
1046
1345
248
1233
656
750
881
786
979
877
739
435
1497
99
269
685
778
1307
1402
1575
536
89
1514
1434
1542
847
225
733
440
866
536
495
63
1202
955
436
1482
529
1049
131
1289
52
3
1590
1254
490
675
43
121
1105
323
1268
830
731
624
1480
47
173
484
973
978
493
484
704
757
1025
1052
894
834
368
1590
747
1197
1138
307
529
388
303
1068
21
1315
1494
394
1274
825
289
1491
1408
611
685
33
474
993
163
1086
315
68
512
39
461
172
878
1321
937
679
1118
184
1428
28
700
569
140
1526
1559
804
751
73
1433
1352
469
401
438
669
104
324
1398
630
619
237
634
631
1565
189
936
110
168
1579
224
1152
290
1385
860
108
514
548
477
450
1330
753
813
788
852
1583
1193
1110
1509
434
12
1367
1491
1481
347
1452
1404
987
405
1236
669
229
499
907
1113
1327
1176
1485
39
558
1582
757
86
364
416
638
826
1350
1435
153
407
999
1477
216
141
1260
409
858
723
545
893
706
310
1233
735
1415
52
1453
1056
892
18
703
1495
1152
1002
1261
681
1046
659
681
189
463
585
1063
128
1431
925
438
626
122
1319
1518
720
1155
930
1373
450
1440
1554
1529
858
2
1519
855
750
419
803
1272
953
634
213
1010
319
43
174
705
1506
595
917
866
852
767
1587
417
1272
442
926
723
605
541
364
1588
1415
1560
723
1482
1100
97
905
892
212
562
1148
711
124
1000
1093
1257
504
203
1237
552
73
748
1271
932
1479
1078
821
1526
1546
440
457
404
807
65
381
804
191
1338
335
344
1060
1417
1262
69
955
451
527
720
1
1412
1144
1388
1279
688
659
917
1333
1154
640
573
1275
1141
881
627
1370
1535
1389
791
590
869
761
59
427
1021
860
725
273
695
1099
687
1353
700
784
164
964
1065
583
266
536
1255
581
540
757
1090
1530
859
1472
1422
1399
739
867
649
1316
488
610
1479
369
1494
1551
1114
1515
747
14
1090
894
1206
665
918
369
246
1508
867
1599
1314
788
380
428
1599
1555
1277
198
712
242
1196
729
318
1247
588
283
1117
413
529
686
1158
826
1040
1214
184
244
1560
273
754
307
153
1145
58
115
870
548
435
1237
820
143
485
910
1561
565
288
307
676
759
1203
1070
215
1112
29
496
63
1320
1353
1146
232
178
614
1543
966
338
581
328
1477
438
641
1242
1249
1351
591
137
1382
1565
530
1291
1167
934
87
780
598
1505
553
1081
840
626
241
947
1256
1271
1416
71
37
654
878
1388
670
112
503
98
50
1375
512
1341
702
254
352
1056
874
773
1318
1463
76
966
1554
687
1506
508
218
422
567
539
1068
425
814
558
700
1122
118
1529
721
1475
354
353
232
1368
402
1095
1161
1542
662
584
1186
818
921
323
169
476
716
1057
329
1045
612
905
269
1260
480
11
372
904
1550
1303
1473
328
1438
208
801
1276
1545
1211
664
595
399
1114
419
516
1430
1025
1522
895
1432
1477
25
840
1568
1553
1127
1232
226
466
448
497
1068
734
106
254
1222
985
1146
1132
1318
879
851
516
1577
656
1267
438
1282
1306
960
1480
994
269
1429
984
1592
561
1485
1400
546
983
420
892
640
1530
1417
1248
1186
454
1389
1352
621
414
1219
538
670
1512
1252
419
949
251
190
1213
384
659
1301
1287
1042
64
1241
450
688
1196
1445
756
645
1111
537
1285
930
212
667
1179
812
1229
1339
1451
699
961
727
896
1407
210
483
1147
816
1197
670
834
49
935
1283
805
615
477
799
1319
1496
405
1006
784
467
1007
643
733
363
1279
887
469
905
1065
1528
971
1051
857
219
35
1263
1096
1233
1464
35
537
741
1328
1441
651
1316
1177
1396
1474
61
1573
1432
1159
1361
1277
1026
496
1045
744
931
854
70
1055
1384
794
769
664
1191
1047
816
1348
968
854
566
905
1177
580
220
1153
444
582
893
149
830
286
180
490
1070
1232
251
1213
1108
16
210
660
645
1333
1061
684
887
372
1410
1385
458
580
980
1537
371
1372
731
960
1560
126
759
670
863
488
1591
887
1300
566
486
1053
615
377
630
267
1083
1082
1306
798
290
1575
553
155
1260
1299
1045
1098
1109
602
355
830
479
1125
929
1546
424
741
1080
469
347
1245
430
477
893
1360
1522
800
382
74
537
1254
42
241
738
4
940
539
158
1177
337
365
1069
809
1350
306
1424
435
283
987
1305
1532
1074
1367
532
1209
110
1468
84
521
292
1271
855
384
951
1459
1372
1121
220
102
166
834
1255
1219
316
678
436
515
1405
774
706
1471
810
1280
591
753
1216
1526
1333
64
1460
1492
6
203
863
1459
473
681
1126
44
62
1279
180
1229
1091
145
128
1522
923
1025
706
414
1226
1338
713
285
1008
1457
391
839
154
1238
1216
785
835
215
49
1154
581
654
340
144
1549
1071
632
1397
1126
54
108
1074
775
1539
1013
57
909
1376
1120
1272
1358
301
1488
523
1080
276
245
1553
1380
903
425
1386
25
1103
40
339
1539
357
1520
337
803
209
672
548
1593
1399
100
1583
645
8
1445
1036
93
528
1447
1552
1377
1121
220
1397
423
1496
1588
792
1353
327
1491
1552
1329
515
128
1572
1444
1059
425
390
1503
776
1323
1291
519
1502
969
876
1375
620
1483
332
1157
271
1442
1230
1467
584
1527
1510
1453
1173
341
1137
158
1576
1564
1372
1498
1048
1299
973
758
334
399
51
831
607
449
714
445
900
1072
1356
322
567
1131
118
915
1353
269
1381
787
524
1366
187
1366
497
1516
270
1097
1306
1049
1350
974
1403
1483
363
291
414
1471
1058
634
956
346
1272
1545
579
902
635
290
190
957
150
1055
124
232
940
970
655
997
42
905
1469
380
1261
741
6
310
1586
214
529
25
124
381
1276
123
1386
64
1339
160
1295
844
578
1465
1373
494
679
104
1135
94
693
909
919
475
540
498
627
400
487
1053
1432
1272
1099
1085
1498
759
347
1137
551
245
1282
1428
22
1590
1035
1592
55
1563
1191
577
508
422
1011
1377
731
601
1180
1371
1046
878
10
642
115
1513
1220
46
71
100
954
958
619
237
1141
1501
1276
622
892
217
141
498
33
839
495
260
392
55
1213
1398
874
1518
660
188
1039
756
49
306
401
115
1401
831
257
1519
1460
1423
41
582
938
1317
640
887
1369
718
753
581
1068
1105
478
1189
587
1219
1040
1593
446
1387
784
387
778
1517
129
1561
562
1508
859
462
970
58
129
1433
1088
890
1013
414
1244
1084
1312
220
515
990
89
1380
1180
857
1209
449
277
1462
363
1193
524
1573
104
8
466
1424
791
1136
456
931
1580
590
1531
273
446
984
143
815
1465
9
4
1284
1375
766
1341
1292
1514
1211
614
237
707
973
388
62
985
1028
1514
295
1472
538
1548
1266
1000
1456
34
1491
491
1342
987
1053
1293
1545
1396
82
957
156
1401
571
685
1355
288
1003
1260
