3200 64000
867
1928
3146
1565
1324
1995
164
648
385
37
1148
857
2771
2535
851
1119
1328
1871
61
173
3138
783
2196
2791
3135
2969
660
2551
985
1760
2099
1190
2536
141
2361
1962
2366
1189
683
43
1929
1143
2004
2739
1765
597
644
1274
1438
1965
1558
1371
311
1511
331
440
2783
904
2189
550
1792
178
113
2867
2074
715
3039
1978
399
308
2323
2617
1625
1724
20
3033
3172
2736
620
3010
2120
1923
1659
2637
1306
332
2610
1464
2055
721
1679
1657
704
2885
71
40
140
1028
1670
2972
1359
2661
1308
2835
3188
2934
3173
2477
1687
66
2090
1440
2857
1448
2836
1272
1731
2440
2956
2375
1972
951
1757
959
725
401
530
1484
1856
2980
2097
2805
1234
1575
892
1806
2533
1009
2928
121
2950
1459
884
1298
1923
2163
1522
1335
531
900
59
2085
2114
1369
2046
2984
2220
887
3131
907
3015
926
2748
3017
3031
2279
2364
2827
2461
2313
3151
1964
678
1123
1604
459
2371
2871
2763
466
2513
3141
1476
2350
2769
1628
2662
2950
2531
2899
1786
2335
2104
2836
702
1095
3053
460
733
1999
1438
1334
2761
1083
1554
1460
2460
2255
1567
527
1419
1562
127
1814
1088
1119
1661
890
2484
977
1273
727
1379
2608
2396
3064
3018
70
840
1784
1272
2323
733
1747
119
2613
1198
1336
3129
939
2034
1902
174
903
1537
1366
1947
887
19
602
2365
2149
1108
1156
1920
2390
1295
485
258
2709
699
636
1564
854
1727
305
209
2297
1466
332
545
715
2141
156
1706
1863
977
572
2056
1899
3016
989
3032
383
2208
1264
2412
1172
2483
1331
1907
2904
1146
1512
2964
104
2603
143
1686
1345
3021
214
970
1288
1010
2458
2140
282
1096
715
151
2958
1987
1326
2877
3187
2338
1554
1147
258
1130
237
1294
1926
2590
16
1836
1856
2075
1133
1300
898
288
2711
1156
3101
1526
104
762
383
2896
2360
1695
19
1354
1235
1813
3151
2373
1100
583
2163
77
2313
1235
2215
3078
2618
2693
3034
1623
380
507
3022
1789
686
99
2414
1267
761
2209
866
698
1041
795
986
2824
1474
316
2771
2502
540
1538
892
109
435
87
1884
505
223
1490
406
3000
2234
1562
2526
158
895
780
2096
437
2080
2216
681
2846
1966
2154
203
91
2044
608
2368
104
1400
2196
2628
1175
2653
306
2943
2626
2432
1700
559
2369
1699
2790
994
2433
2264
2658
1717
633
1108
287
399
932
189
2455
1246
2731
1924
3023
447
648
3094
287
1266
24
1572
391
1224
973
2138
603
1567
2939
2913
2551
2576
1779
826
2253
93
2792
736
1530
683
2562
1287
796
744
93
2646
2300
1235
1722
2358
477
428
1936
298
1220
905
988
2470
301
1322
69
429
7
578
143
439
1771
2786
1371
1728
734
869
3060
2643
2907
711
2961
168
906
134
3047
1044
1326
1914
481
2730
2156
1861
1256
2205
677
132
1208
1418
1172
2047
2209
2645
1658
2227
3099
1134
1562
2889
1353
2878
3187
2414
1124
1095
772
2447
1749
2
2769
2633
1589
2250
955
3143
2854
1184
1897
825
2842
1226
2985
2870
195
1194
2400
2349
1570
2096
1703
1835
2194
565
2720
2387
2569
324
2977
1426
2032
254
523
1154
1748
2488
2971
1489
2637
1731
3173
3122
2318
2238
295
3065
538
1106
2346
2414
2001
2147
2650
2890
769
1795
3129
2744
1529
2416
621
2509
3149
3085
1151
51
621
1123
2655
408
920
1621
1170
2132
340
2543
1311
1069
1513
1670
831
2527
2603
44
2887
3192
90
1898
2177
1966
826
1859
1964
1646
3017
1156
1747
2807
1957
2954
422
2516
667
1283
2232
1704
1658
2699
979
3186
2327
1716
2432
145
434
2395
1958
805
1146
2043
1014
2988
2517
1256
2573
1008
2946
2537
1917
1997
1515
1456
1090
2787
1878
871
1830
720
1282
1490
159
27
607
2513
1377
37
240
629
1986
3082
1839
1578
1082
2894
844
2929
751
522
1611
550
2364
1022
2605
29
1392
2692
2177
2139
1900
710
1960
212
738
1640
2315
220
2907
2761
2146
1697
1351
3126
341
1493
2904
2843
1677
2173
1398
718
2158
647
1653
93
2114
2093
2717
2451
1323
2277
2979
324
3159
2742
1288
1951
2946
1969
1597
483
2412
1834
935
2048
202
1939
622
215
2714
1875
2336
1935
1997
1355
387
2684
497
1734
2114
797
3164
1971
49
2804
2039
2596
2592
1872
1085
1902
2396
728
578
1415
1774
2453
2578
663
2758
224
1127
1557
1312
2902
510
1482
1647
2118
367
225
960
1924
2101
3059
556
1640
1964
2431
1175
2963
1388
2931
1715
645
478
642
1772
1676
1293
1873
3182
1052
3080
1443
534
656
1373
438
2536
927
873
1301
208
340
719
1889
3133
2430
1005
514
946
1729
916
205
1333
2842
2206
463
1348
2815
1878
240
2558
2795
19
1903
2934
1684
153
2432
2157
1701
871
2971
3053
1894
2019
2679
528
489
1409
2533
2159
2734
1993
2659
1084
1749
1201
3097
554
2128
443
641
1964
431
3070
1029
3025
1226
2936
1070
2234
1807
1309
3114
1225
1794
605
2104
3067
2502
1737
2450
2134
1559
2757
1956
1068
742
2450
2087
2659
3094
1583
2706
1520
2812
2084
2183
1566
1569
230
1335
1253
1424
1449
623
2018
2562
1867
2448
1736
1716
2343
1823
282
2134
946
138
1060
793
3093
851
2924
2026
967
2867
378
726
1110
642
1406
891
538
567
1686
382
511
1458
1354
2378
1133
701
2676
1221
13
2924
2779
1957
1679
2394
1641
1122
836
320
673
1507
638
1684
1548
2322
45
2038
1820
1537
1887
2778
488
1114
2319
2272
2334
176
1906
2915
1154
3148
462
370
2389
2424
2196
530
1194
1263
1022
2377
2124
1764
615
2971
1256
611
1052
186
851
862
3134
887
76
458
2326
1341
1360
2224
162
927
1513
1968
325
839
2827
1154
1492
859
1637
3136
134
257
2445
1908
2768
1769
709
3178
435
694
2452
2070
1674
3163
2563
348
2980
2628
86
225
1774
1100
2617
39
2996
1232
1933
498
218
838
804
187
3088
503
1273
2625
1286
2695
2204
767
2336
2718
291
1968
1834
1817
2273
861
750
1695
214
697
1509
1342
1160
1479
2786
1251
350
1900
1337
1682
2134
1321
1477
2656
2762
2060
1486
568
1479
2961
2412
2877
768
1894
1138
1245
686
1260
2495
2830
150
1198
3103
1951
835
1233
2380
556
2320
1005
1546
511
12
1774
3085
2599
1220
2426
2807
2926
1787
1595
176
2204
2834
2700
1113
1089
3081
2493
104
1535
980
1527
582
1120
1104
1556
869
1387
1655
840
192
2392
1713
2831
2201
2912
322
2290
471
482
2028
2281
958
1321
572
1043
1243
2426
3028
971
2133
1507
1113
913
832
274
1658
1997
2528
2573
2575
2778
1213
1418
1663
1131
3098
2296
1606
1005
3087
2053
479
1093
2033
1043
3007
181
1747
2113
697
2510
367
1637
131
1646
2588
445
3057
167
408
272
3120
719
1420
2150
399
586
160
1367
788
357
427
2287
2699
2890
1450
1630
2961
2146
920
589
1684
2929
3011
1125
1919
881
14
3063
2284
1518
3112
1155
1205
2396
1781
1648
728
1038
625
1096
419
2384
878
3173
2489
674
592
1633
2738
1734
2453
231
1217
2204
1132
1252
812
2623
2712
2129
1119
2357
1440
2921
2532
1765
2748
3156
1664
414
1062
3083
971
464
1968
1260
969
205
1765
1592
2150
419
267
1529
3188
459
2130
1216
1066
604
925
1400
1011
2922
3037
2784
2245
2918
1051
1065
2697
1877
1489
878
528
1349
1243
2064
419
855
1656
2095
2470
1855
1087
2481
231
3085
2899
993
1090
801
2316
1583
2324
825
112
1473
989
2684
1814
297
2933
924
2887
1555
2773
1098
602
882
1122
2113
197
1389
1617
1839
1273
1082
840
576
2646
1595
2121
2692
1567
2133
1058
330
3094
410
556
739
1581
2517
1361
2806
668
287
2796
891
1112
2914
2046
1356
1435
2024
2693
1374
2279
1529
1556
329
1324
3036
1554
160
2632
513
237
2595
534
834
1388
461
2485
2230
794
1150
2281
2939
3129
307
2844
2129
2072
2070
531
378
805
1856
2978
2398
1027
1053
1205
2578
922
532
2786
2371
2718
823
580
150
2599
331
1152
977
2553
1993
1565
774
2581
163
1428
1262
1579
911
3147
1766
2849
2021
1168
451
2190
2171
2014
1561
390
2112
81
53
2410
491
2801
1262
2195
329
715
92
2885
119
2813
835
1900
230
405
1845
1305
560
2372
542
890
2360
142
2586
789
3153
2655
665
656
778
1477
238
2139
188
2017
1524
1114
633
1397
2933
2210
2827
744
2641
2344
661
2257
1193
2886
2993
683
331
1170
113
2585
1773
118
2278
2753
1611
924
1577
975
1266
138
3121
136
906
531
2711
518
1965
524
2860
1470
907
2866
1860
1873
2808
319
2927
1515
583
2065
1240
1205
2304
593
1182
2227
2370
1282
3073
1487
980
1531
1674
903
39
1636
2310
2083
1340
2701
1960
917
2130
1502
421
2816
1760
2207
1059
888
908
32
3169
2593
1334
151
37
2724
2944
58
717
2162
3068
408
913
2138
1595
2776
2909
1008
2804
772
1192
1317
2220
648
1837
2915
2525
641
2495
2792
3135
3008
521
956
2693
429
1705
3082
1501
765
1314
3066
2721
3016
1524
539
1415
1972
127
783
2612
3120
1591
2808
2311
2115
1529
2476
2919
1652
1779
2602
2411
2513
1965
1609
2616
3005
1282
1302
759
1920
967
98
2469
659
306
2647
1461
2309
1639
3198
1144
1854
180
2728
2828
1728
1931
1964
2830
2250
195
344
891
2250
1298
1031
2089
487
1832
2885
223
3193
2937
3034
2345
980
1956
2851
338
152
956
2139
2642
68
2058
2366
2917
1287
2548
551
1693
848
1996
2986
168
3180
267
3009
778
1695
2795
1359
1223
2822
1062
137
1944
906
926
2299
2158
1380
123
2884
213
2015
1017
2797
1092
2770
1319
2273
1170
2731
1794
2851
1053
1699
464
3156
2128
1983
1384
2476
1519
1790
1852
570
2546
820
3024
2317
2445
2836
1815
2933
3119
2507
2129
939
2667
176
1729
459
1808
3056
643
2287
612
2018
1452
2590
2143
2250
1534
840
3046
1603
1594
497
953
1072
1100
1768
1526
1991
2032
340
1055
2682
1380
606
2687
584
1241
2194
2576
669
2133
992
75
446
228
2815
2478
1311
977
295
2294
2507
1836
724
1937
2927
1888
1272
2675
1456
1673
2942
986
1951
137
2460
2091
953
2035
2474
3016
2042
68
2621
2915
1849
599
2646
2642
437
635
116
1302
2043
1302
558
2117
1215
1246
2671
1048
1084
1016
2740
2299
786
845
1479
1317
2661
2104
1406
2551
3041
1598
2921
2690
1192
1261
1458
2541
1753
2887
453
1563
3153
2825
1257
3003
302
3006
1678
141
2197
1769
2061
1724
2686
92
495
2846
865
2668
285
2157
2590
798
846
1332
2798
1454
2493
2041
369
2493
2811
21
1153
39
985
1585
2256
1766
33
152
933
992
1042
252
551
356
2548
2928
609
722
3193
1972
1716
2236
8
1853
680
856
239
618
1395
3123
61
841
287
891
1498
2961
1534
421
1981
2859
1560
1177
103
1131
1359
1478
3190
1367
983
2149
2784
916
1231
393
666
50
1043
2905
2867
1007
1832
2709
2077
1407
2291
2877
3022
2855
573
1755
1898
2105
1722
2137
1056
2363
101
1287
2
872
2380
17
457
2510
3017
2536
2589
1671
1770
3131
3109
1611
1658
143
611
487
295
3078
2976
2751
1289
1490
360
268
2307
337
2399
2716
1992
1721
290
1799
1040
1374
1475
2440
980
1478
1366
661
1105
2075
2183
965
2320
3027
438
1800
747
267
2176
2297
306
2070
1230
1603
1888
3176
602
3043
1854
2157
510
2083
1068
861
2681
1134
1333
2281
309
376
2271
2247
1175
2963
3154
1597
2474
1575
1710
689
324
2999
1538
2740
2636
2042
2674
1954
1424
877
444
1791
566
1979
487
186
2911
297
489
331
346
2512
208
1732
1568
1520
2149
3061
1040
1623
366
2564
41
110
3034
1898
2622
1867
2284
2392
2431
2183
3090
1682
494
2145
243
1437
1410
805
1074
26
2781
758
2428
999
2677
1763
1622
2656
11
3108
258
1524
64
1655
2710
3072
397
1644
899
448
2976
1587
1965
1451
3106
1396
143
950
2710
2792
1385
938
339
2318
2646
585
2851
2455
3192
873
1820
400
2081
1387
397
2593
837
1482
2259
2653
2697
2978
1148
2365
1
1210
2370
716
770
2760
2000
1145
2571
1121
609
338
359
773
2684
834
640
1692
2466
1343
2325
2942
3067
360
1062
1165
461
1643
2459
1149
554
2347
251
2821
1788
2005
3136
2364
1817
2630
841
2264
252
273
73
808
161
180
2170
971
1422
1637
2537
2761
2488
1263
2854
896
2461
1689
393
54
2838
1357
1630
2579
3074
1135
2380
2029
107
2830
2281
1666
1471
2787
1990
421
3170
2447
1377
207
1293
3174
1403
2092
165
210
1456
3127
1865
688
2874
2612
879
1523
850
1679
989
734
1241
416
1364
1355
1749
2261
1035
620
376
1734
1266
1195
1915
2506
1893
2334
1507
1289
1688
999
486
1480
1194
1813
776
2718
2290
470
2226
1889
345
1430
2735
743
2317
672
461
2571
2771
983
1011
2422
1760
2248
2585
2410
2206
2048
3180
2291
2987
3087
2666
2332
2426
2305
895
856
1246
1759
187
806
2845
2932
2601
2444
1854
583
3183
563
935
2943
2055
679
80
2962
1468
2808
2250
11
2679
1187
1727
1184
549
1211
547
2022
1112
156
1977
3118
2293
312
2477
1895
586
1868
244
2690
1727
2050
1966
717
1902
1122
1160
2930
555
1977
751
943
1633
1743
1890
1140
1944
2512
1436
2403
1304
2866
1987
868
741
1186
2666
1325
2914
2679
343
794
578
42
794
120
1532
2646
536
491
1590
2612
1596
330
249
1136
2621
971
2806
1454
1563
942
640
3008
2965
327
2004
1060
1568
2064
347
1513
322
2565
1514
1278
290
2131
1540
3165
1708
2801
1512
2336
1397
145
538
959
2864
1764
429
1503
2185
1526
2852
1544
2997
2763
760
2704
2603
2524
1097
2904
171
518
2693
2173
218
2545
3100
2753
2012
2072
515
2728
3036
1966
479
3164
1035
1832
97
67
1468
2969
1705
2951
329
1352
3070
230
1749
2576
1002
2659
1
290
2372
1088
1210
480
1659
2939
380
351
1228
3037
553
1173
1894
2633
2767
353
1229
3123
1326
465
1641
1941
2332
1419
2067
934
1637
2336
1534
1044
688
496
2708
2072
1685
2211
2450
214
1672
3155
2909
252
2010
2659
2511
617
713
2019
1817
2679
1902
1300
2412
3082
251
1620
901
2423
817
112
716
1036
3194
996
1484
2237
1772
1693
2776
1573
2551
616
1063
106
1986
2490
1680
1658
1273
2815
2780
1862
1512
2931
2240
1299
1703
2433
1332
1132
406
1925
1802
828
2578
1043
2882
1450
2093
1316
1522
2078
2112
2010
1559
373
2278
2126
2950
1348
2514
165
1357
82
618
1660
588
3067
34
628
1372
3045
1879
147
2308
467
1787
2834
2238
2176
986
2462
1826
354
177
2124
3086
2356
1216
2358
63
1096
1672
386
1356
496
2278
2650
192
1584
2574
3116
1207
1599
1519
1632
727
2520
2530
2972
2028
117
1324
837
477
1683
1579
1323
2290
1655
802
1403
1005
2433
44
2684
1974
2831
62
2863
380
11
2879
1597
2284
3195
85
1668
1193
624
347
1769
96
75
1005
1791
329
921
746
3116
1222
1144
3088
2680
550
1456
1889
1135
1041
1800
82
484
173
902
2807
2358
3054
877
2660
1525
1405
614
3191
2190
1702
77
235
427
535
2604
3145
2885
2622
2160
1307
192
2512
2359
300
2924
1726
3015
1883
531
1069
1597
1432
34
1440
83
2941
1178
321
322
2759
2138
1499
136
1710
2231
155
2375
2808
1571
2945
944
324
1282
1251
864
1997
987
40
2568
2426
103
3050
1416
2745
988
3093
2734
2809
1476
281
2100
894
1826
2510
1989
382
1012
1022
1779
2228
2484
2558
1169
2571
664
1388
231
2616
1380
2067
2767
3037
1727
2373
935
2683
88
3053
1228
999
2565
1833
296
3127
2628
551
1775
391
3154
1176
880
3070
2875
162
2731
1539
812
1073
2436
3006
1639
1939
756
1801
2717
6
3013
60
2607
1795
843
653
2492
997
2900
246
703
1814
1743
2239
716
1468
1447
1906
1012
572
1408
2234
1638
2710
2666
1775
1959
2425
630
604
1889
1885
2540
1596
455
1354
2906
1940
2355
2994
1900
3107
2402
877
2271
923
392
2787
424
1829
2583
25
2486
2352
1983
1110
241
1925
494
1492
582
1715
1096
1069
2083
2582
565
2975
1255
3050
2667
1923
305
414
3117
383
1404
1745
1285
1187
1227
2889
514
2922
685
2093
3017
117
2296
1015
2781
2642
3140
1521
3010
2445
2967
1017
1321
1522
1753
2780
1626
2255
3132
770
1829
1932
1845
2245
1491
1916
2504
2796
2984
926
813
558
2942
918
1806
2213
2944
1049
1203
77
1429
600
233
323
89
1633
1942
2317
2212
889
1513
3131
1413
2440
2170
2075
173
1232
194
2835
2305
2053
2811
2734
882
532
592
1303
2603
3018
2740
2378
1860
395
1493
434
1290
164
2695
1577
1568
780
2234
2619
772
843
572
1852
1204
2238
1100
1456
404
2081
2662
2046
608
2805
2266
1681
11
1983
1909
615
2843
1087
471
2022
1339
1099
79
3163
1741
595
35
635
814
1209
2033
2504
1715
2127
2754
2628
879
2687
2469
1469
2976
2281
3023
838
2828
2967
260
1175
1718
2903
2549
351
350
3076
187
2954
1972
1524
2350
2455
526
1497
2972
1103
3086
1718
3118
2116
2744
3106
149
1295
456
2568
189
3138
3063
1803
1611
1504
507
2600
2555
627
2690
3078
782
591
36
21
1359
2453
2774
2225
442
909
1824
785
2959
963
2072
2590
6
2618
2054
3196
555
2451
123
1952
177
2692
2776
1635
849
1040
2540
1734
35
608
1278
388
3054
2505
2347
2664
186
1232
2538
1493
1268
2366
874
451
365
219
1107
3039
2314
995
1396
2002
1881
684
1015
93
234
1724
3075
2120
760
1955
2762
375
1892
342
2281
2732
2534
1646
1948
1929
602
2503
2224
2351
887
