400 8000
378
15
139
295
380
303
363
15
236
315
101
202
251
298
275
361
317
73
285
183
288
36
342
75
371
314
390
2
87
117
310
225
179
391
113
247
364
349
92
69
302
157
161
322
18
272
245
254
83
43
78
305
307
339
385
43
314
370
158
308
120
101
308
192
33
30
149
276
162
398
273
130
344
291
47
385
305
195
171
27
200
24
49
378
129
247
307
12
398
77
334
232
157
194
129
182
178
306
275
51
134
340
223
168
270
277
12
232
32
90
371
167
198
186
157
5
69
14
44
299
190
52
349
145
254
348
51
140
21
228
315
336
96
185
160
260
121
224
113
329
251
358
357
304
183
347
202
46
161
43
323
162
104
337
167
226
325
188
167
291
303
104
158
334
145
145
288
177
162
204
158
62
108
202
281
22
16
94
41
190
128
109
307
221
317
240
86
48
59
388
124
337
12
289
298
335
277
183
151
264
58
245
205
325
55
79
270
384
105
16
17
94
359
225
253
24
70
175
121
171
34
180
210
225
4
126
64
147
158
299
399
367
364
334
32
221
2
190
231
68
255
392
143
147
319
85
311
232
109
304
52
245
336
112
274
247
200
16
296
100
16
327
72
206
74
98
15
304
281
362
135
89
336
243
9
42
74
276
396
238
357
390
12
143
88
3
133
240
62
269
87
360
302
184
396
264
377
165
198
369
240
363
48
77
192
314
110
110
191
267
192
387
362
202
307
312
21
77
257
267
139
316
14
312
278
147
147
398
143
296
325
341
205
20
392
304
310
222
360
336
69
150
315
321
30
236
276
34
107
183
329
357
336
376
54
4
72
346
242
361
17
274
21
300
209
166
392
36
134
71
245
277
47
98
86
12
121
146
250
245
366
168
240
372
157
349
129
382
396
374
320
34
228
187
374
285
354
245
215
10
