6400 128000
5588
1399
3581
793
2736
1191
3525
432
5901
6292
756
1674
5553
1125
4755
3888
4912
4158
3907
2352
6284
3899
4911
2971
2193
2516
984
6075
4455
619
2462
901
6259
4064
4175
5111
2364
1567
3876
5381
5106
2058
2913
4287
2017
6330
664
5035
1778
2191
5569
5808
572
3685
1615
4861
88
5124
1062
1367
2578
5889
108
2206
4590
4458
2043
4913
2464
1350
5014
175
5228
4829
4231
472
4808
408
1907
733
3872
3493
3513
3931
518
3134
6394
713
4983
4519
5901
5096
1366
2918
5368
4848
4578
129
2622
4052
2587
892
1258
3937
5350
743
1356
1308
5399
3305
952
3285
4223
438
1487
2156
121
3784
611
627
3100
4659
1034
5020
473
1380
4419
2656
58
3314
297
1201
3877
4930
132
3586
3337
3270
976
4094
5337
3774
148
4576
5424
2276
5131
6210
2093
318
3300
1012
3481
1414
4065
3755
1562
2466
1871
641
4792
4780
5183
5212
5111
5572
472
5688
6064
4644
4588
4795
779
2448
968
2484
5
5980
519
4332
3394
1864
2731
2382
908
513
3748
2801
1961
1907
3875
80
41
4943
2105
3641
2835
2413
4682
5559
5617
2784
3941
5403
2581
105
3435
1888
5433
830
718
528
2853
1818
2869
4923
1821
3428
1925
4552
2086
5325
106
305
304
5129
2002
4831
2580
4233
2804
2137
5608
5231
392
3989
4210
4650
3327
2050
2311
1357
5814
6245
4378
5037
5606
897
2420
2194
1820
4928
3971
4981
3128
5459
3558
1621
5302
6063
3534
3093
2534
5465
4672
4306
3444
4655
3660
2086
5409
6163
1342
2593
438
3081
518
2431
3681
34
6175
1088
5838
1558
2802
5939
2761
5032
4779
4786
4614
2952
4941
6163
4506
3972
4554
5994
4355
3832
2100
2114
1528
1290
3853
4628
827
2406
160
4409
2990
5039
5586
3620
5380
3270
1072
732
109
2521
3806
6245
2711
1670
3916
4377
493
2748
446
4370
2272
4285
2028
1000
3513
1288
2675
3835
6022
4773
3436
2430
1897
2223
2468
193
5574
3901
2070
4263
4926
3042
6255
2462
5986
4877
1504
610
866
4924
4101
5286
3131
3067
895
4154
3310
4960
833
3450
1956
1060
803
5768
3024
4986
5977
1621
1668
4209
2618
4799
2418
3278
5430
1692
4025
4048
4504
5055
4494
2483
4610
838
4267
3692
5838
3734
681
3617
2908
4135
5727
2133
250
3182
4118
3524
2741
3780
1396
4056
4535
2263
322
5618
1168
5250
1130
3354
489
5844
5883
2518
4462
4825
2446
2771
5636
2943
5783
1100
862
589
2192
4281
2656
2542
3748
4468
6367
925
5422
341
3289
1753
5127
4187
557
5083
3538
419
4757
5484
275
2095
3948
670
673
1941
5643
4054
333
5212
3396
6353
967
3556
863
3562
4505
5655
2483
3181
1953
1676
178
5008
1212
876
3006
1558
1797
6070
636
5297
3686
3282
5441
4072
4437
6074
1894
708
3331
1639
5149
5129
5091
4850
3474
3493
385
3931
4387
347
1220
4671
4709
2825
5983
3368
5176
5713
3904
3402
6183
4592
1661
4459
4519
1571
92
4082
3860
4035
164
3887
4410
2762
3102
4669
2601
3150
2134
4663
5640
3934
4911
1148
1175
1678
96
2608
3704
1472
385
697
2861
5821
18
3683
1822
3180
3866
2204
4940
1204
1634
2270
5903
479
4586
3217
5976
1870
4199
3515
5196
162
1175
4953
4851
2699
1538
349
3226
5709
3926
4029
304
2806
3574
2530
2287
1532
1804
5859
5856
5514
3245
3053
2112
5009
2971
3718
6128
2324
342
4058
6359
38
668
172
220
1330
4938
5291
2817
2637
5301
5777
5503
4436
3278
2721
5103
2085
5948
6076
5100
1645
5053
81
2866
1212
2463
5905
2642
1265
579
1019
4845
5593
2586
6158
633
4129
5287
479
4226
769
698
4461
2597
3239
4588
2108
4392
3667
5851
4201
1798
4792
6288
5496
2569
4705
5663
1338
4336
4723
3288
3093
5518
983
5090
1878
5258
513
5312
259
1027
5544
2877
3547
2119
3215
4870
4367
1730
3577
4675
1298
4469
2338
492
2882
2607
2567
1186
5249
5914
4955
4368
435
5641
2005
4690
5498
3676
1993
3102
3034
2522
1904
5386
2363
948
1294
1918
418
4615
4163
652
2872
4546
5248
5790
5971
4135
5837
3020
5017
3621
2127
1908
5992
4924
2155
302
2695
2468
634
5168
284
3230
3810
365
5855
1795
5688
5949
411
3261
2166
2558
5574
2691
4779
4327
3289
3521
1177
4906
5559
2927
543
1897
1815
3152
5081
3952
652
1418
1702
2149
1062
6131
4769
1132
4806
3041
5530
772
2625
4090
3120
1098
2355
3672
5560
3393
2534
506
75
4354
1322
1214
2541
4803
5544
312
2912
3922
3935
2955
6143
5782
2918
116
3817
3993
4156
425
2463
2264
2572
2445
428
3241
672
4771
1462
2984
1827
4794
6166
3910
4000
2692
1379
2798
236
2881
4444
2999
581
2830
5409
4360
5873
1539
2421
2345
4216
2464
798
446
5010
1399
5455
5210
5128
4207
1857
5780
3846
1185
4289
540
5748
2523
5744
3031
5177
2332
6274
5979
3156
1788
2464
2440
3523
201
579
6172
2039
1726
2932
1047
3942
2143
3281
1861
308
382
2151
3199
2886
2692
3471
5253
5425
5875
3305
6027
183
5838
2670
681
4041
2519
2784
5529
1982
161
1942
1382
3685
3775
3225
2302
10
296
1480
2492
2093
92
3380
3708
2571
5879
2362
3956
837
1279
1177
2940
6172
5150
1930
4442
4036
1491
2522
5942
4284
3020
1606
6153
2681
3853
1229
3867
2579
978
4555
332
3643
6010
3235
4269
2965
5946
6316
841
5173
5334
2437
5992
3419
6004
4650
1029
4684
867
5825
2301
1722
2328
2743
5235
4296
6135
5832
3918
382
4802
6139
2043
2545
6097
4819
442
5123
6275
2323
375
4849
5924
1535
2763
1230
3214
2312
145
515
3213
5243
340
3464
2976
320
6247
4198
3926
3876
1126
272
401
3938
1007
3917
5674
2023
4894
6234
6132
6368
242
4153
3195
3450
382
2917
5070
4257
3576
4231
4073
5615
677
2565
5476
2259
769
1493
981
6211
1732
4191
6078
1787
1267
3348
4664
522
781
946
5009
3241
6018
5652
728
4415
5386
3129
5121
4411
3509
3619
2558
1146
3591
4465
1405
2362
2302
1842
1440
640
1124
3253
3637
3530
3892
4944
4291
4173
3697
4479
6090
1183
3120
2291
293
3774
4251
1396
285
6148
2704
4980
1343
2265
1588
3934
325
3193
2508
2076
3695
2524
5293
2606
731
4430
209
4357
6152
3419
4302
5224
5036
5402
2463
177
4084
2279
6018
1573
4114
3319
1656
6382
2702
3579
2472
3416
1454
3258
2925
5420
1801
6279
3587
2056
4147
3637
5522
6059
1360
3628
3457
788
4289
4477
4227
4476
3679
3528
3025
2352
2992
450
4960
618
4687
6297
4805
1547
5011
5990
4707
670
5752
5748
5861
6097
3026
427
1454
2958
3053
4184
897
6165
5277
1857
5328
5546
3592
2268
626
5694
3224
512
5750
1466
2013
2454
320
900
5227
912
3682
1432
4729
5910
2528
925
3864
804
5408
3542
3247
1193
5373
140
5741
3229
4574
2708
5000
3471
847
6297
2126
3673
5766
5863
686
4758
6311
6282
4928
2360
2015
2384
3919
4457
778
1940
625
3709
772
94
4383
1148
1086
681
2905
665
6133
3625
5914
2438
5404
153
5519
5314
4996
3594
3002
749
4959
3675
475
3206
262
224
5109
6350
810
3858
4946
4372
3199
5260
2911
5455
4062
2590
1888
5205
6266
1276
1718
2930
3371
4736
306
170
2862
1932
2471
6215
1609
5062
1354
3539
660
2734
1915
5777
684
1513
2016
1693
6083
3432
358
1458
5706
2079
5561
135
4342
1562
5326
5654
3837
3731
3600
3879
4842
1102
3085
1984
4103
5634
1686
2423
3371
1468
2399
4730
1229
4955
3858
524
3480
2026
640
4737
733
4014
2714
2022
1187
2509
3226
1725
3608
5222
2842
864
2940
1922
476
4366
3904
5663
54
3447
1267
3882
896
2203
2504
1464
5634
3922
6201
5211
4471
3495
4951
679
2604
2636
1844
1648
524
1341
5738
2689
2848
3296
3921
5076
4806
363
4933
2014
5160
1225
2270
3535
2766
1070
976
2254
5658
4899
4945
2417
1339
4789
5113
356
685
714
154
1751
2789
1855
4161
3083
5100
5752
5157
2434
2695
1335
2510
6153
6077
2065
2847
2489
1140
2709
2302
3290
5775
4384
3953
5070
5453
2575
1256
2671
1439
3369
6080
2930
1245
2598
1310
480
6238
180
4993
5131
2594
5276
2538
6192
2087
4060
4310
4180
865
4756
3712
460
607
3738
2075
5251
3546
4675
5535
2307
2941
2816
55
396
4297
5740
3880
5101
3782
4491
2186
5959
1200
6270
1606
764
4317
520
1930
6377
861
1432
5859
4896
2877
2370
2303
118
3007
2926
3045
6237
502
5852
3854
4278
1886
3115
913
5141
3925
2794
986
3927
5928
3242
2145
3066
2972
6186
2810
2849
1476
913
3313
6161
3813
2626
3952
4631
913
3191
3749
1789
3066
3160
6041
614
2200
107
5963
5141
4176
3351
6037
2985
6113
4905
5571
2158
167
5490
889
4644
174
5032
638
5135
3231
2476
5328
1937
3795
6019
4973
4877
2621
2937
4766
3605
6131
5037
2889
1935
2133
4845
3208
2571
1239
2341
321
1392
1417
4688
4149
4884
1012
2471
2161
1558
2952
4031
1579
4682
5433
5781
6127
3429
2771
1578
4257
5966
2363
4137
1584
1168
4550
2100
3663
3863
1148
2885
1085
496
5162
2837
5912
2027
938
6287
3527
6154
1643
1078
4484
297
1812
2345
6151
1643
3078
2891
5565
4160
5915
3678
896
4777
982
49
841
3887
4172
2275
2930
5964
1514
2935
1221
1695
2905
5963
5091
5590
5839
1429
5743
5188
4102
3371
1107
5265
4801
1429
3673
2706
991
2647
1074
2174
2229
2549
6224
3804
4043
2646
5150
4977
3105
4994
2672
6066
4850
6298
6048
5086
5954
2999
2189
3854
2255
1876
3174
5444
4772
4314
661
944
3609
6278
1625
5191
4179
3795
259
5151
3461
4940
3388
3680
847
3311
5797
3729
1537
862
235
5066
2901
5418
5494
3226
3700
4500
5837
160
2979
1967
5151
1587
5756
1239
136
5580
1070
4073
5699
2368
1774
4608
1357
5548
1684
5955
3884
141
4939
5585
1244
4759
5403
4766
763
1698
6271
789
3955
5094
1019
5623
5552
1403
3095
2445
4256
3343
2825
1767
5054
4319
327
3835
4261
5444
216
4561
5794
5596
3028
5139
3803
3315
2399
4672
1893
246
4301
3675
4416
1364
5736
5671
3395
32
1531
897
5494
4232
5781
4346
92
3308
2231
1667
3894
4156
1608
5734
3629
2851
3564
2866
2371
1161
4634
5239
2313
5441
232
755
5262
2293
3320
2145
840
1141
6157
619
6221
1740
6218
1464
443
1826
965
6396
5630
1011
2883
1379
276
5221
4882
4288
1322
4260
4060
6321
4474
5591
3143
2908
5000
5914
563
5478
5507
2883
4666
1970
821
401
1099
2773
5293
5158
597
2942
6174
3094
3647
3755
1669
2974
3882
1921
2830
4351
1557
1809
3933
3175
2731
827
5484
1986
481
4254
383
6010
1044
2771
748
989
6230
5044
996
3624
1037
4685
6121
505
5042
4420
5001
5029
4311
690
5749
5547
5934
5794
476
967
1342
3722
5012
1507
4205
619
1393
476
1462
1278
199
815
5824
3765
995
4476
4697
3104
1505
3772
4082
1660
5265
1476
1468
2149
3439
1871
95
3165
1102
1776
2133
1090
4525
342
3267
5997
1987
1616
5709
65
5291
4769
107
6171
3025
601
3985
3604
4781
81
5641
1742
2735
911
1022
801
5312
1916
4399
6100
3422
5025
946
4992
81
1961
285
262
3087
4415
3482
3176
1244
4451
5432
4305
617
3898
3862
5613
4820
278
5896
650
2908
3161
6068
481
4839
294
4626
17
4413
855
5262
4172
2192
3434
3601
4662
5886
4014
4216
5780
3592
4221
5904
3124
1040
559
469
3581
166
494
5872
3466
6358
153
1602
3641
2555
299
4440
2416
2743
1495
5468
5720
5334
5612
5441
422
2871
804
3111
4048
986
4097
3054
2183
1056
5423
918
4379
780
3906
1225
3121
3576
3766
3992
1646
5398
5743
3588
6244
4189
2041
3023
1428
2594
1667
3710
257
5142
1207
2418
4899
228
1551
1284
6035
5935
443
4354
4101
588
1246
4021
422
6273
3240
3764
126
4896
3663
5668
5032
1724
3728
1766
613
1378
84
2383
2000
2484
1854
1069
1789
3478
3639
978
5846
1046
2392
896
5763
5505
2287
5051
6310
4905
5003
4373
1466
6364
432
808
23
5154
6200
4142
5623
4325
2401
1127
2690
1650
936
3782
822
4579
1527
5434
6169
1186
6058
1699
5302
2322
4421
6217
1908
5839
5763
5214
2194
1278
3613
441
3684
3091
2326
5244
1537
4199
3510
808
4596
2934
880
2028
5237
77
2141
231
3764
6049
2955
3411
4738
5514
91
603
1058
3626
1643
2306
1252
451
4672
2429
6324
4269
5423
910
4153
5820
3738
3975
5587
5857
3953
3695
6024
1788
2223
3546
3838
3668
931
2810
157
5192
4380
5422
5888
2470
6060
3379
1143
1354
4694
4392
6204
2441
5815
474
5295
1990
882
5060
5055
201
3121
2334
6169
4914
964
5703
591
5565
2904
4990
2076
418
4174
5100
95
1861
4192
2165
68
4907
710
4569
4624
2704
2732
5468
4295
911
1746
3698
840
2261
168
2364
2769
154
2497
1684
504
15
2496
1697
4472
3583
4689
2190
5772
5203
3045
3116
1663
6240
4542
6052
1675
3603
1847
4292
1566
2962
4151
1851
4271
2256
2739
4703
1678
6296
372
6168
4643
4712
4976
5320
6310
4688
2371
1180
3176
4805
5161
1513
2688
1906
214
3853
3801
4268
1925
2073
3758
521
1275
4626
40
6220
6139
5469
3048
4214
2114
937
184
1728
5273
4543
3913
4544
5457
483
1635
3198
4327
3081
2453
5225
592
5215
4213
51
4585
4431
4739
3986
779
1318
1033
5848
5860
5972
3780
3282
5841
3951
4517
58
292
2087
2360
5078
6033
1992
6055
4020
954
2609
1027
5808
3307
4901
1715
4990
1978
718
4812
1057
4305
3920
2617
5821
4878
6182
679
3119
2211
3297
845
2147
3951
220
6064
2689
2814
4502
4657
2988
3280
1288
5939
1516
5039
5789
236
3755
5122
1993
6304
2232
3171
2214
1923
5527
2406
3996
190
3151
558
5286
2641
2914
6288
2258
3708
166
951
239
352
3478
5001
6001
1074
1984
4697
3111
3474
4386
4904
2072
1566
1289
3588
2487
5902
4606
3449
5678
1605
1706
3567
1502
1895
3567
4300
2021
5476
2299
4726
5650
4890
1772
3812
176
687
5188
416
984
5966
1401
402
2397
1337
2046
2898
4509
3538
2535
2638
4263
1736
617
3506
4157
2592
3092
4764
1429
1782
1185
5773
1853
2077
4826
1087
4296
2531
3679
942
6153
1359
1315
6156
322
5281
2453
971
1998
4590
4962
2249
5350
653
1563
5616
2083
3535
4579
2287
4009
4007
703
4786
5617
4928
1734
2379
5779
2477
1055
2323
3129
1279
2852
177
5183
1461
3838
3304
6286
3417
2493
3460
5450
5788
4105
6016
2342
4287
4215
1769
229
525
4015
1138
2708
1542
3894
6094
5340
4307
5959
327
5585
30
650
5547
6022
1988
126
6386
5583
4215
5237
4265
11
1754
876
3076
2367
1522
1085
2610
3465
3979
5216
2200
2908
6178
5466
3213
1142
3765
2068
4796
2907
2499
3260
2773
4915
1722
466
889
3316
6029
5513
3896
3621
588
4269
2541
5235
1107
429
1312
5040
2416
2238
2418
4167
1949
4144
5751
3938
1713
971
2517
3086
800
3461
4237
5474
3442
714
1862
1020
567
2909
209
789
708
3601
66
6367
6304
801
1904
5551
1761
1376
3052
2079
5617
3776
5162
1491
4335
3053
4348
3036
1690
2716
3581
2927
4270
4288
5769
3722
4286
5034
733
520
2292
1803
1103
870
4781
627
2727
1250
2948
6135
2262
361
6110
2172
849
2422
4468
656
412
1797
1701
5088
295
2654
804
727
5693
104
6037
5051
4213
4410
3131
1611
3854
1877
1079
1934
1004
5583
3463
3775
343
646
3676
2452
4998
1359
2491
2699
296
2179
2933
6289
2684
4809
2689
2738
784
2485
1830
2798
3801
4239
699
4318
5522
5593
526
3661
4356
1189
4808
3281
447
2535
4440
5236
5492
5871
3095
5069
1236
1411
1820
1962
3649
5450
5722
899
5951
3560
2734
2628
3917
4873
5744
1779
409
6124
3984
4059
4853
318
2429
428
1162
6363
2374
914
5033
4924
5602
2682
432
3528
5967
6179
3325
4488
5637
315
5411
5024
2771
4308
1804
4411
2656
62
1522
2464
4826
126
5572
4160
5189
4343
5140
3915
53
1750
695
5071
3897
1432
256
3558
1080
1017
2470
780
560
80
815
519
340
4696
5381
5289
3588
6065
5337
1212
3844
264
995
4936
6182
99
671
415
4943
481
973
2478
1196
692
3646
2655
4412
5187
3736
256
4551
4037
3879
5974
3461
1980
6246
2951
5136
5034
6254
4041
200
2464
2435
5788
4315
1925
655
3157
5873
3830
1035
4378
2446
2834
2154
627
2540
5754
3354
2327
473
2147
2205
2363
4997
1843
4353
3252
2243
2533
4667
5479
5756
153
20
4556
5299
4357
5287
4067
5412
3716
5623
690
2127
2522
566
6278
5205
3571
722
2144
5110
1112
5882
5008
6084
802
1132
5815
365
4407
3208
6398
196
5107
3031
6185
5962
3793
543
2016
602
3068
4025
1329
3365
1626
249
5450
3875
5647
1411
3338
86
3045
5530
5921
5887
3883
5897
6207
53
3468
4095
2265
1948
1665
2887
2576
4369
6119
1618
2480
1502
90
6076
3933
1426
864
5952
5606
4635
3733
5979
1939
1639
6088
6213
662
569
1229
3897
2048
4235
3184
40
5866
2050
5089
5850
52
3009
3313
4912
3262
6336
2731
1502
3994
5129
310
5261
6297
5184
2812
3163
518
4921
191
1293
892
2453
2097
5663
6330
4532
6313
3503
2476
1823
988
2548
1747
2460
860
1900
4516
1004
6018
5301
4573
5169
454
4414
6050
177
6111
4532
2033
6318
1692
5218
5844
1661
2983
6228
4631
655
6153
3730
3456
2121
831
6223
3105
1599
5534
3419
3085
5096
4651
4163
4563
623
160
5577
5999
4035
788
4193
4093
1803
5961
4935
3338
231
591
1149
2274
138
675
4947
3590
4207
5008
4774
3792
2545
5606
4529
4201
784
2351
6048
4799
1271
862
421
2786
3782
2686
4619
4674
5492
2121
447
1709
330
3603
1603
580
2021
5181
5883
1012
5914
1704
2362
4392
1114
3422
1533
847
2955
787
5921
201
2920
4198
3676
2951
827
5896
1599
1693
230
5193
1082
4127
2149
2802
4633
5172
4802
3398
3028
3066
5444
74
2192
2397
3924
5531
1092
2170
5314
2018
2800
3245
2639
3190
3300
232
3782
3162
4841
3503
469
2215
5689
5329
5332
2409
4712
52
5914
1062
4637
4764
4940
2779
6335
284
869
335
691
1935
2182
2264
4559
1750
1589
1218
505
1870
1593
4643
38
4972
1413
6159
2962
2766
5239
4712
80
1794
6086
897
2626
4367
5623
5636
1728
5703
5650
1123
3429
3904
1830
4430
5080
4314
4253
2290
6367
4592
2395
5245
3747
2061
4569
1258
3420
1363
3647
708
2085
4397
2396
146
2371
4846
2399
1966
184
2856
5133
1574
2098
3617
4917
13
3805
1985
3256
6231
3162
4327
5244
544
2647
1613
6285
742
3688
5725
5350
5376
4370
2398
1607
1885
4459
2743
2967
2095
1955
6274
3498
2314
6293
4667
5807
38
3446
2029
3800
2609
5564
4997
2631
4695
3804
4778
3510
3789
695
5919
5224
628
829
274
6091
2406
5580
811
5928
6058
519
4229
148
4570
2211
5773
3166
5825
1031
2817
3713
6030
35
1534
828
2870
595
5161
759
1554
3355
4974
2369
3825
5784
1886
4385
3869
1693
2400
4278
434
3102
877
3548
3814
3272
538
83
6280
482
3756
1639
1010
5874
1056
3149
479
3333
353
1893
550
1069
2793
4986
721
4532
3200
5469
2014
82
2989
4094
293
4726
3901
4705
118
2023
1457
5481
2006
5311
2035
1019
311
997
3502
3266
3623
50
1306
4620
289
577
5654
1622
938
1274
4270
5258
4043
3050
281
1611
3840
2433
1693
6205
4938
4477
4135
6063
1795
355
5653
6019
4989
3388
6188
2078
1768
5425
5179
5820
4228
1792
3164
2022
5315
4855
5786
1454
5901
3940
2635
1026
1739
5994
20
1034
2769
1913
4785
1797
5657
874
3131
4663
3797
3396
2000
2978
5127
2038
5815
1522
5171
1257
1169
3284
3019
480
2441
4979
1154
944
5327
6313
3309
5737
3704
4429
6155
4239
15
1736
128
3027
4558
4331
4679
1665
1953
3759
3128
89
506
5847
2350
6102
701
4615
3086
3906
2223
4852
2000
1685
2093
1757
5735
1251
5307
558
959
3040
5974
5422
2788
5840
5207
3100
5983
3407
1876
559
481
5186
4661
15
752
80
5172
857
3822
2235
3371
3204
748
5810
4927
3490
4410
2157
1404
2473
2463
93
1758
5374
330
5647
4888
1367
2994
1054
1511
1166
3916
5164
2870
5270
4265
5048
332
5323
2749
5502
5856
1052
2468
1591
6319
4336
5352
1671
1238
2524
3378
478
3022
5669
4116
4268
2037
5802
5931
5099
4328
1240
1512
4818
4909
2726
3519
2814
6029
2021
5167
5992
3910
3856
1510
313
3981
3191
2738
5726
1269
6265
5381
4961
4115
3150
1601
5057
3195
1263
4095
103
1713
836
2532
1438
5011
3230
5076
5573
4096
2674
1806
2131
3756
1282
168
655
5675
3561
3718
3128
6194
5180
424
24
6241
6137
2863
181
2614
1260
1835
874
1475
3920
1712
4212
267
3118
419
3898
3111
2348
5354
2881
4024
4031
3101
1425
4165
1828
1285
3767
2468
1631
667
6233
371
752
56
6087
1511
3683
2513
1777
2758
6277
2860
6124
6159
1926
4509
595
2543
5310
2328
5708
3138
3121
3190
2756
6258
4136
3282
4538
5960
6194
5474
2769
1315
860
6377
4701
4326
2719
5923
4089
4731
1589
1642
258
4872
400
392
1498
3959
485
2608
4620
3972
4619
6314
510
2935
1074
4009
1480
1757
500
2620
1081
685
3743
4797
2133
618
4385
5841
341
1204
2505
5717
948
5399
974
1320
4773
5621
1826
4718
5200
566
3639
5388
576
294
5085
651
575
5654
2178
4636
140
4879
744
5472
340
3695
791
2422
195
3709
6067
2847
4441
1475
6128
2577
3009
5831
137
3178
1386
2
408
4170
4493
1879
4001
5304
2019
5081
1406
481
5447
1064
1909
2077
2535
572
5801
2002
3590
2275
4433
2991
4226
2473
1182
4756
909
4060
649
3576
4895
246
5495
6055
5080
5642
1067
29
837
5568
640
5914
4899
2332
2949
5988
1988
3132
4411
2780
5333
4538
1985
5023
5994
1982
2179
4945
2583
3808
4784
4745
201
5734
4822
606
510
820
3070
5732
1760
5750
1859
5518
3970
1193
5069
2976
4553
1908
2171
386
495
5299
5861
4320
56
3496
1838
4869
4407
5723
105
2415
3142
705
2243
100
2320
6062
1082
2066
3189
174
2096
36
1760
900
5269
5734
3771
2940
448
1193
5232
151
75
3189
100
1901
6167
6346
3949
6185
1502
1411
1485
2268
2027
217
5970
2460
558
537
233
4405
4714
450
5072
5850
6359
2847
4383
2088
594
5927
3140
1128
3754
2191
5437
2564
5300
5135
3056
6246
826
3018
1401
3239
1249
5914
4245
676
2655
3450
168
5816
8
5374
323
5529
812
2144
4281
719
624
3976
5965
2854
2902
2297
2468
5588
118
5596
5642
4142
6058
956
5090
5139
949
6072
2750
5847
3823
816
5066
3687
226
5077
3345
2557
4110
6132
1174
1870
4730
1316
4850
3931
5528
1315
874
224
3544
893
3929
4187
4260
4293
2805
2138
896
5473
599
5353
2614
6026
3980
1173
2288
3497
4708
1037
4561
2733
721
125
5088
4760
1043
6233
50
4418
4379
1564
3658
5325
4993
6291
135
172
351
487
4762
4492
731
1140
6320
5894
1296
2505
712
2279
2465
4008
5464
3421
6353
5482
4652
3209
4419
3024
3671
2076
4781
815
3636
3107
2614
4209
1245
2322
6371
5004
6088
4148
631
4365
3375
2289
1190
1287
4472
4326
2267
1609
820
2073
612
3257
4374
2051
4963
5908
6272
4493
5014
2293
5879
4563
4763
1891
6113
6041
3675
3986
874
6182
5947
2419
5469
6184
4442
1540
2931
4964
5041
5816
767
4037
178
283
4426
2950
152
2892
429
5830
443
3420
5052
2118
2968
3302
5670
4913
5651
5938
2212
3121
1320
4422
1179
3046
4408
2922
2509
5413
5506
3277
3701
3920
3392
4174
3810
5741
4894
3292
5738
5625
3517
5363
252
6198
4625
1744
3903
1753
2080
4144
5114
1792
3948
5
2156
5453
5229
5418
5911
2924
4417
1017
1940
227
519
4977
2007
5976
4755
3241
5582
6134
1051
4147
6026
2964
4487
4654
2338
6165
3894
1058
2712
4120
5635
5709
4220
2159
5215
1717
3805
4087
1936
5919
2086
4260
2882
295
2706
3733
4658
141
936
4661
2180
1800
3831
3892
4460
2746
2016
613
6338
3844
19
1417
573
4008
4343
3277
4059
5899
5807
595
5560
6145
5053
4414
2844
5921
4311
1807
1895
6380
3113
2246
2903
4184
1613
1357
172
2927
2175
7
3467
2443
4780
6127
2781
6396
6117
3260
2108
999
5950
2083
2923
1106
6301
1448
6064
2949
2400
3452
1228
195
4789
3027
4162
5962
5350
4273
2757
258
872
1626
3634
2344
366
83
6081
4249
601
5154
4149
4976
2400
950
1619
1142
1258
1906
4489
4660
5348
3124
5792
1118
2885
3748
3023
4079
4667
3576
4650
5361
3462
4356
1373
5455
1264
5074
6365
4267
3313
4713
5060
789
6129
4753
5053
3701
1740
5200
76
4667
5009
4426
450
4818
2885
1932
5937
4105
3045
5575
2816
2535
2631
3538
5245
5317
216
4024
1468
3371
2298
1965
64
3035
2980
4637
1308
578
1836
1762
1859
4983
670
3397
4083
4086
5859
1009
6257
2937
2650
1936
1524
2183
1926
2983
6349
2241
4113
3651
5339
2027
2558
35
3943
5025
1672
134
4282
1316
56
1138
5137
1491
2002
1330
5714
4253
538
1602
2016
3445
5045
4147
5377
1870
5085
5593
5591
3879
1489
275
2687
1947
601
1588
2602
3566
506
5887
1948
6251
1335
139
2631
2954
2410
4546
4593
5262
3214
2497
5026
831
4798
5382
5589
1661
4717
3703
3943
2612
6158
6263
4181
5434
2227
5160
3685
3903
1382
2283
3169
227
3634
4833
340
4518
6186
360
4325
5422
5807
4644
2765
3056
5284
993
1183
2989
1948
4305
2444
2099
310
5920
442
2871
2436
4089
5077
1025
85
1696
3853
3722
1136
5834
1583
1897
1414
6032
5024
5372
5433
3449
6355
1876
1045
2199
667
5461
1658
5717
967
3587
5970
3008
4608
4867
5169
3007
3816
219
1250
3966
2700
1827
2742
5551
6165
2723
531
650
891
455
6150
1838
3317
2190
3148
5468
4864
2824
2892
3093
3982
5013
2215
452
5447
307
1756
962
776
1943
2828
2107
330
5851
2163
4735
3580
975
4469
4149
3123
5392
5017
4014
3864
2255
981
698
1111
1642
2094
3012
3235
5924
5935
5741
5395
3496
6164
3760
5679
1767
1068
2370
1781
6328
5021
3269
5523
1520
1247
5000
522
6116
2423
4693
920
5802
3694
1239
52
786
2408
2675
973
1349
1212
4328
933
5573
5972
1147
4379
4868
2704
3801
6125
5199
1171
499
3703
4141
1631
5123
15
3849
3687
5423
1721
685
4233
4496
833
1696
1405
5414
2714
2320
2818
3825
3007
808
3879
3310
2630
3804
5567
1902
6362
4231
3989
4593
4773
5662
4485
862
4541
1362
1621
5211
4235
3942
2468
1049
6298
5458
4404
3354
4362
3504
4995
656
5447
4570
4046
1294
144
3785
2561
4244
1476
3757
1973
5917
5915
4694
6219
5161
2740
3395
3586
1899
3825
4206
1396
4943
2566
5759
5999
86
5548
3908
1706
6101
2035
922
2678
859
6348
692
2363
376
3900
101
1887
315
2208
152
2914
4777
827
963
2116
3349
1738
666
5349
1213
4730
4669
6311
2413
5842
4530
4650
1528
2184
4024
639
1259
3739
3897
1956
4751
3362
678
3564
1570
2206
723
1933
2342
4436
658
2957
5271
1034
3662
729
6210
305
477
1259
5620
2299
5260
882
5231
3774
3714
4604
2767
1737
853
4500
1734
5839
2138
511
2607
3735
371
6003
891
5439
659
5350
1739
851
3277
2004
649
359
481
4766
6269
2563
4060
251
2951
5590
6144
1004
2871
2039
497
6164
5158
175
516
64
244
596
2835
6397
3294
924
2309
4785
5155
5749
919
5641
3697
1588
2721
1454
2372
1664
6134
1254
1029
2496
4272
1787
4505
6385
2449
3262
859
4604
4610
1375
5171
5157
5624
3499
6035
346
3397
2933
4237
4369
3564
2680
608
2744
1946
1925
848
3651
3654
3307
6172
3796
3500
1939
605
479
3959
5817
2281
6098
183
187
5593
4567
2402
1076
1920
6107
3003
1698
5989
4001
2620
6082
3349
126
5860
6017
330
3496
4669
3494
5355
3767
3401
5136
6137
5664
2290
59
4856
5592
1492
50
5475
1275
3718
5668
3343
1558
5417
2446
2955
4668
3731
2504
560
2715
1362
6262
137
3030
6179
2670
3764
811
4301
5415
1978
1934
5044
2215
3672
2149
606
2599
2102
5040
5723
1467
1057
3409
4040
3978
2702
4655
6306
1096
2055
3942
6206
1117
2233
5022
1093
6397
3370
3639
5146
3459
3416
3754
4925
4762
4955
4949
2443
1477
1467
5266
3373
4522
1913
6269
5597
6191
656
4609
5534
5077
2495
3776
3832
5494
1408
3323
6222
2978
3834
4313
3713
3089
2180
4540
5804
1557
23
3008
2200
2559
4665
5557
1907
2061
3151
5209
2572
1146
152
348
2100
1565
4869
3534
106
310
3863
920
5312
4832
4390
894
4089
5725
6073
3111
4300
3659
4813
1672
2600
1327
2321
6059
1628
2678
2923
1739
4028
751
3566
2937
700
1902
1208
6101
2044
4755
2057
6172
4757
4978
39
5289
2605
1811
3922
3134
33
5361
3571
5729
4695
3939
5910
3531
4271
1008
5680
880
5319
5439
123
300
3182
4220
5647
1927
3806
4811
5302
2764
496
1936
2607
4566
4260
4421
4226
1283
5087
4233
1629
151
4480
4310
3016
6283
2294
793
1851
6384
1909
3369
3741
394
4561
5975
4330
2800
3356
6179
3478
6029
246
3676
492
2416
3056
817
5231
3496
1627
330
2058
1378
5103
3025
3202
4054
863
4356
1119
1396
5247
3619
1024
3289
1882
6331
476
4579
628
5696
1645
320
3611
1948
4978
3968
4267
6082
2081
1372
3169
6084
2501
2444
2538
4574
789
6106
3036
2347
5166
1085
4080
5051
1632
3201
2151
4304
5948
3214
5858
2989
4375
6295
3180
195
2675
1161
3577
2678
1215
759
850
590
4504
3536
482
4848
5123
256
3582
753
2171
1966
1275
5048
4638
1312
5672
1368
1720
4657
2789
5900
3284
3416
2534
2791
3344
4555
815
4961
3156
3606
2483
4539
3410
2168
4484
6300
1959
5830
1493
2267
4993
739
6007
4684
3916
2780
3215
1559
3109
1724
1250
1395
2700
3155
4303
6325
1159
1664
44
5985
5561
2726
4398
75
5556
5991
5174
3249
3890
5276
895
3472
4358
741
2444
1038
1943
3448
314
2141
5601
5139
1092
4579
1070
4095
613
3809
1997
783
3163
2571
5908
3530
132
6080
738
2392
5402
1177
6119
1667
1422
1302
4093
2801
3187
1918
4513
3661
462
1985
5958
642
5423
2042
5460
590
794
3336
4538
2468
5609
3306
2894
1851
3821
3266
3786
3143
5989
356
512
4745
500
3636
3737
2726
397
522
5264
4724
3437
2259
4750
1624
2561
2155
5661
5726
1545
2443
3408
4827
1203
660
5508
761
2833
505
3323
5650
2574
4669
53
2936
3061
6360
1437
3662
3235
226
5691
4645
5613
3476
3281
4596
3141
803
1340
6344
2658
2662
5057
5727
3739
1301
4491
3692
80
235
5770
3044
3726
2412
602
5568
1904
3206
906
6200
5170
3406
2392
6386
4002
2999
3068
215
2033
427
4271
4206
1903
3573
4298
6275
1717
892
3820
6128
657
2979
6049
1827
2284
5587
398
4168
1577
5362
3109
4473
3957
4857
2450
5632
929
1929
3591
3201
2916
1433
1123
3449
5014
4528
5889
582
2036
5410
1955
2438
3850
1334
1965
896
2099
3806
3440
1102
1496
5988
217
4831
5257
2633
1386
2517
4654
2434
3004
588
101
4339
1493
1379
5897
3069
2924
1026
3631
1118
5169
3087
2341
393
2235
3663
278
2915
908
4446
5621
4343
3805
6155
4041
6115
801
2173
966
1375
1306
4803
6287
5383
5963
3267
157
4284
5123
644
1761
6148
3733
588
4799
1559
2401
1486
4936
3280
4696
1364
826
4960
1253
6147
4037
4588
2361
4202
5619
2523
3281
5891
3254
1423
6099
1560
4789
1775
2702
2737
1593
770
1589
3171
1557
358
2430
4546
5137
645
6140
411
1143
1954
2799
4064
5706
3570
5416
5098
4536
1155
1364
1558
5983
2223
2566
6361
6214
4012
578
5656
3159
3712
3370
3707
3583
3398
5331
4857
1265
2226
5136
4826
4448
1371
1991
855
2208
741
2212
2851
2287
109
2773
1799
5353
3967
1872
801
6007
3586
666
3097
1751
1081
4624
6
5571
313
1401
4739
4049
1761
1631
1006
3993
1144
5793
1346
2057
6209
6352
5743
890
2257
4477
3322
4799
6393
1382
514
3408
3239
5913
6228
5413
3305
4996
2368
5765
454
3143
668
1544
4557
257
5315
3465
5338
5746
3440
5736
5980
5928
2783
922
4474
5080
2943
4595
2238
2088
6230
1153
386
2258
89
3294
56
2103
6063
318
4115
4392
4172
1593
6023
1269
1470
961
1369
3897
5062
5238
3074
1588
1459
4594
2021
4245
775
899
2981
5411
5983
5212
2065
2192
1774
3889
5491
5640
1285
3728
5885
4430
1358
1756
388
2921
4881
5585
4155
1742
4016
5689
5684
5004
4792
1534
6333
3006
5523
584
2071
2058
142
2038
4066
477
3198
5367
5752
2956
4808
5296
996
975
1752
2832
4673
2993
1034
3513
1413
4182
4582
370
3454
2379
2845
2921
974
625
537
1375
4715
6223
4027
3265
5188
649
2533
5863
3166
4521
4079
5830
4997
875
1027
3479
3178
1700
6048
5622
4425
5817
1804
56
5582
3501
3406
4515
2742
624
3514
5943
1141
5785
5752
2372
1699
289
206
3170
2152
3354
3857
3009
4979
1578
562
4250
2683
2565
3643
3137
3915
1873
4038
554
212
1231
3059
4909
3655
966
5984
237
4609
1098
3902
3746
4590
696
48
5370
4357
443
2268
1907
5365
1502
201
1101
1933
842
4719
925
5246
2792
6296
531
2698
414
3627
5157
4360
3099
4460
5596
2340
2064
5541
2797
1467
6120
4684
3313
2157
4273
206
1912
4683
938
1786
3521
2732
465
1777
3987
3335
1848
2950
510
2375
1431
3664
4461
2406
5808
2003
130
2655
4340
765
5600
5203
5744
1287
2256
2376
4578
4652
3981
4063
1501
6054
403
5848
4123
1570
3650
473
4112
5724
429
506
1721
3067
1128
5471
1936
3838
1890
1759
1151
6185
5819
3368
932
3517
4957
2815
1978
600
1607
115
2775
508
3895
1748
585
2435
6391
3671
2700
5204
1807
3484
1379
1111
2672
5629
6116
5868
1963
1447
5532
2915
1599
6261
3626
5318
6392
2205
3823
4404
601
4546
262
864
530
1570
5140
6149
1913
4594
6172
2070
6372
1673
977
2031
4493
94
1383
5658
1124
6223
4338
253
3812
5280
5135
3893
2133
2243
4791
3321
1206
510
6317
3309
6196
2334
4875
5730
5425
1258
3810
5063
995
5956
4355
3480
2179
3005
1629
2229
3639
926
4884
683
435
2519
1717
1031
5778
2067
5210
4647
1788
3490
5013
5325
5985
3666
5432
6155
1943
3621
952
4947
3055
4052
4037
2781
2017
3273
2459
4394
1322
4487
1296
4957
4759
5710
2316
928
5985
1294
3076
4397
5446
4876
5424
3517
1202
367
4813
433
3603
3919
4389
5729
3101
841
4313
5734
2896
2143
4341
4625
4921
1677
561
5934
134
2454
4969
1716
1341
1523
5386
3668
3599
2647
1593
5439
4725
1282
2365
1499
6283
6071
3216
3150
2234
1986
5406
5521
1773
4983
1531
5033
2792
53
5628
6122
2033
4703
462
172
471
5119
3440
4315
4681
2871
2015
2840
1675
5449
5735
3637
5453
3574
5795
3072
4404
2423
4767
5085
5709
4882
6386
3883
5485
1297
5739
448
1275
1264
4096
6347
3082
4939
2121
5745
1548
2620
4989
555
5988
2643
4253
2442
5164
629
1874
5751
5739
3268
5005
4950
1853
5046
236
3728
5097
5605
1026
641
6222
3562
8
4497
1375
1065
608
6121
2250
5090
2032
614
2226
6209
2033
3714
6248
1341
4244
6054
2707
1230
4135
6176
5628
4380
4874
5644
6242
6077
3616
5473
4629
2228
2969
5435
1290
1484
3979
5202
5273
2049
3713
5419
4293
6208
4818
445
2272
5793
5288
953
5963
62
2058
6105
2991
1536
654
2838
5245
3162
5071
4208
4152
3102
5826
2079
5163
654
5434
629
2865
6368
4868
3492
1000
3479
1100
3036
2751
3619
2326
5021
3659
6225
3158
1992
4499
7
3923
1743
5167
6105
2143
3997
2498
3758
1108
6267
2052
1330
6137
1963
2083
5553
489
980
5970
3915
1883
3442
6177
1326
793
1512
1110
17
4766
5957
2574
392
3365
2977
6203
6210
5858
3633
805
579
3273
5042
3727
5020
3891
5172
1963
2463
2860
1806
2750
2694
2825
3881
3679
4836
110
3654
4465
2531
27
231
4853
3539
926
2198
5823
3634
3749
4722
44
3223
4435
587
1875
2807
3606
1695
3840
5981
3341
3701
2835
4124
1938
2148
3047
4186
6216
2223
410
5615
2826
2244
3057
2885
2817
495
6254
5668
4928
676
5849
810
5429
6112
886
1218
2833
5559
5208
3593
859
5432
