2872
3201
3826
2953
2844
3313
2771
3083
2737
2783
3449
4073
2258
4888
3405
2302
2283
2199
3232
4157
3477
2111
3511
3079
3350
3607
3077
3727
3313
3199
2895
2138
3102
3401
3748
3307
4056
3758
4166
3308
3319
1952
2036
3727
3164
1595
4095
2894
2664
2982
3906
3012
2609
3594
3188
2738
3550
3086
3507
3443
3269
4100
2429
3802
3432
2925
2400
3685
4075
3114
2140
3739
3529
3638
3024
2736
3073
2383
3861
2740
4319
4267
3484
2156
3294
4048
3229
3098
3769
4447
3412
3668
3009
4219
3281
2821
3061
4317
3046
2833
3614
3297
3882
4332
2852
3811
3043
2897
2462
2109
3289
4152
2340
3666
4584
4469
2832
3427
2321
2789
3636
4327
3928
2951
3344
3477
2868
2949
3378
3419
3261
3779
2693
2249
2890
3727
3670
3873
3764
2793
2455
4730
3518
4102
3795
3472
4035
2775
2657
3143
2371
2177
2393
2249
1691
4673
3663
4440
2555
2486
3024
4665
2632
4587
3249
3043
3437
4115
3866
2595
2932
2733
2941
3680
2616
2748
3882
4228
3021
2181
4227
3114
2281
3391
3601
3311
2478
3560
3213
3970
3332
3690
4749
3952
2950
4032
3176
4196
2927
2189
2559
3793
2998
3927
2568
4058
3237
2936
4989
2857
2882
2264
3012
3478
2537
3815
3085
2032
3945
3087
3846
2695
4101
4208
3082
3131
1879
2926
3296
2363
3847
2725
3139
2668
2398
3778
2452
2821
3858
3347
2468
3606
2785
3593
2449
3412
3241
2304
2710
3395
2800
3773
3294
3409
2212
1743
3075
3164
3352
2539
3296
4231
2972
3567
3144
2974
2442
2901
3416
3515
3221
3091
3303
5116
2490
3102
3422
2831
3210
4202
3182
1900
2050
3012
2820
2843
3744
2734
2766
3474
3302
3198
3903
4526
2891
3482
3005
3725
3441
2455
2587
2859
3430
2488
2991
2406
3815
3883
2801
3305
3279
3396
3932
2129
2933
4029
3596
3263
2137
2545
2355
2273
3020
3049
4247
2852
3467
3089
3272
3409
3289
3806
3680
3028
3223
4038
3083
3122
3033
2190
2600
3181
2792
2365
2880
2853
1800
3564
3215
3060
4202
2438
4891
3416
2931
2540
2052
4297
4231
3139
3851
2579
2762
1943
2701
3852
2521
2917
3474
2188
3362
3371
3756
2920
3798
3762
3073
4034
2241
2927
3723
2379
2686
2852
3241
3649
4209
3867
2760
2798
4031
3243
3300
2087
2815
2694
3732
2871
4470
3196
3517
4520
3993
3199
3930
3686
3096
2573
3481
3406
3274
4880
4275
3489
3739
3494
3631
2723
2466
3811
3185
2990
2839
3847
3608
3605
4145
3316
2291
2665
3281
2910
2856
3098
4090
3236
2642
3484
2505
3549
3026
3593
2600
3200
3474
4220
3244
3333
4083
2579
3140
3413
2637
3791
2896
1519
3221
3663
3090
4379
1802
4431
2929
2659
2638
3040
2308
4222
2747
2689
3058
3640
3315
3391
2966
2171
3116
2412
3818
3247
3116
3331
5116
2657
3695
3761
2518
2546
2470
3395
3236
2230
3183
2825
3112
3728
3902
3268
3282
2244
3904
2785
2679
2852
2350
2759
2763
3629
2641
3121
2272
3119
3484
2109
3540
2788
2610
3406
2935
2777
2669
2626
3180
3815
3473
3484
2934
2699
3273
2366
3487
1895
2862
1877
3325
3992
3983
3378
3598
2163
3199
2947
3310
3172
2137
3193
3124
2481
2866
2946
2352
3418
3377
3063
2873
2086
2721
1570
2877
2751
2878
3543
1905
3946
1348
3610
4117
2987
2620
3419
4036
2636
3207
3342
2881
2110
2094
2581
2507
3038
2890
3708
2697
3081
3722
4935
4108
2923
2940
2522
2599
3682
2995
4354
4122
2308
2622
3346
3437
2758
2930
3306
3609
3069
3815
4086
2626
2417
2439
2706
2559
3512
3324
2612
2563
3708
2588
2962
4455
4581
3569
2889
3582
2948
2531
4320
3406
3675
3594
3808
2587
2101
3554
4247
3348
2926
2410
3089
3266
2090
3065
4021
3753
3501
3427
1865
3214
3822
3794
3895
2980
3146
4252
4097
3705
2740
3370
2590
3026
2941
3020
3094
2798
2306
3453
4689
3101
3285
3311
3676
3221
4091
2678
2293
4595
4078
3228
3348
3444
2446
2437
3364
3289
2887
4238
2587
1901
3674
2511
1423
3718
3725
2606
3274
4278
2119
3407
2803
3692
3833
2671
3367
3204
2992
3374
3446
3063
3006
2599
3086
2551
3684
3382
3408
3416
3441
3237
3127
3552
3940
2099
2648
2206
2784
2812
2980
4867
4366
2944
4362
2644
2895
3021
4114
4633
3761
2832
3716
2627
3478
2370
3329
3041
2553
4491
3227
3006
3025
2974
3528
2773
3633
2543
2017
2701
2806
4641
3709
3781
2310
3492
3970
2924
3127
4035
4009
2632
3423
2620
4106
3664
3065
3470
3249
2372
4111
3877
2965
3581
3544
5446
2940
3178
4028
3285
3045
2769
3183
3494
3276
3872
3193
2691
3781
4522
3410
3554
2835
2670
1898
3918
3464
3375
3522
3441
2902
3649
2722
3260
3989
3279
3145
3123
2590
3184
3213
2627
4502
3175
4166
3465
3752
2857
3033
3976
4013
4158
2655
3501
2406
1721
4138
3678
3794
2836
3696
3477
3818
2323
3460
3271
1991
3304
3535
3085
3619
2712
4133
2727
4124
3447
2253
3173
3490
3616
2563
2400
2487
3164
3882
4324
2649
3062
3029
3978
3575
3565
2012
3238
3617
3629
3347
2300
2894
3484
3901
3081
3867
3644
4166
3450
3568
1962
3254
2006
2624
3530
3713
2100
3250
2103
3790
2283
2988
3028
3673
2968
3158
3455
2549
4021
2353
3185
3656
3109
3626
4127
3524
3603
3521
3836
2439
3399
3059
2577
4309
3670
3682
2666
3460
3496
3130
3866
3475
2363
3181
3351
2715
3224
4071
2964
4352
2610
3084
3172
2411
2665
3351
3628
4355
2447
2600
3665
3654
2587
3850
2600
3601
4232
3610
3429
2271
2335
3065
4058
3261
2563
3971
3726
2127
2418
4230
3590
2884
2762
2870
2890
2826
4065
3239
3134
3497
3044
4153
3824
2679
3110
1854
3289
3836
2533
2803
2960
3086
3855
2869
4260
4044
3354
3900
4318
3603
3718
2484
2136
2624
2140
2383
2981
3642
2858
2651
3362
3188
4375
2713
3538
3624
3942
3103
2242
2393
3783
2972
3170
3128
3541
3512
2970
4513
3288
3849
1878
2406
3663
3476
3451
3346
2521
3261
2809
2166
4096
3289
2622
3707
3357
2788
2898
3153
3137
2877
3036
2318
3246
2848
2874
2597
4011
3523
3211
3267
4826
4411
2868
2426
2470
3528
3726
2641
2360
4073
3259
3356
2309
3431
5103
2102
2901
2640
2871
4688
4108
3148
3855
2543
3672
3560
3226
3269
3148
2166
3760
3570
3367
2767
3833
3119
3316
3925
3791
2271
2285
2064
3638
2632
3064
4197
3451
2854
3817
2665
1937
3613
2899
3157
2489
2639
3386
2676
3645
3664
2834
3368
3177
3913
1779
4448
3623
2585
3218
4648
2562
2464
2777
3010
4659
3750
3539
2783
2988
2379
3010
1890
2118
3890
3280
2882
3790
4496
3774
3724
3144
3533
2754
3736
2560
2913
4009
2801
4036
2394
3146
2547
2423
3846
2891
3233
3041
2902
3128
3721
3010
4478
4372
2892
3256
3646
2405
2325
3962
3732
3952
2269
3141
3552
2678
3676
3838
3786
2210
4321
2790
4608
2432
2590
3070
2537
2793
2275
3391
3109
4857
2958
3613
2434
3937
2312
3062
2648
2993
4294
3024
3055
3594
3511
3451
3232
3070
3470
3097
1811
3063
3308
2686
2474
2424
2986
3816
3019
3492
3897
3639
3397
3367
3162
2554
2703
3336
3325
2115
2787
2088
3559
2504
2622
3736
2468
3182
3744
2537
1991
2857
3629
3504
3744
2634
4078
3553
3471
3150
3983
1840
3158
3664
2630
3354
3114
3650
2257
4257
3396
2550
3397
3428
3539
4079
2678
2491
3660
4223
3858
5232
2181
3837
3899
3259
2939
3539
3040
3476
2640
3972
3376
3063
2506
4067
2122
2259
2837
4147
2751
3214
3544
3338
2767
3334
3005
3323
3160
4838
2861
2575
1848
2823
2902
2742
2414
3098
3233
2714
2963
1929
2909
3307
3872
2619
3599
4252
3584
2638
3872
2072
3542
1845
4306
3738
4037
3715
4513
1871
3680
4011
3488
2329
3204
1770
2991
2152
4505
2961
3639
2727
3802
3457
3005
3774
3079
3301
3227
3590
3318
2153
3504
2756
2795
2815
3602
2621
2613
2743
2098
2553
3186
3292
2771
2452
2394
3291
3264
3457
2961
2498
2864
3216
4081
3150
1886
3045
2146
3503
2208
2788
2483
2192
3468
2800
3488
3558
3578
2568
3288
3249
3081
3150
2526
2367
4135
3533
3185
3705
3619
3400
3480
4435
3234
2084
3608
2707
3352
3402
4021
2919
2796
3149
2551
2761
2544
2886
3623
3188
2604
3735
3308
3815
2126
3442
4373
4290
3393
3024
3710
3138
2348
3157
3826
4085
3086
3595
2178
3486
2610
3363
3542
2720
4052
3439
3755
2986
3668
4099
3534
3413
3451
3682
3285
2911
2603
3244
3484
2785
3469
3118
2597
5106
2091
3802
4004
3710
3318
4189
3638
2509
3285
2659
2661
3365
3857
2835
2921
3337
2077
3156
2708
3256
2797
4106
3952
2634
4034
4488
3125
2692
3923
1941
3048
2448
3183
2837
2317
4013
2607
4275
3246
1343
3809
3739
2637
2846
2791
2648
2962
3401
3087
3033
3509
3211
3843
2851
3011
2180
3002
3997
3426
3742
4334
3250
3298
2179
2129
3231
3754
3003
3205
3506
3631
1649
2562
4055
2452
2853
3421
3878
3004
3178
3132
2615
2334
2763
3921
4591
2396
3368
3140
3741
3869
2904
3490
3251
2177
3077
3696
3229
4175
2428
2924
2865
4304
2650
2803
3899
3161
3259
2860
3254
4381
2725
2273
4050
3559
2787
2654
2580
3624
2064
3865
3039
3282
3245
3463
3095
2788
3609
3844
3223
2612
2408
3335
3451
2090
2845
4001
3099
3079
3615
3674
2979
3541
2140
2293
3147
3459
2227
3202
4253
4009
3125
2040
4984
3655
2735
4275
2799
3451
2824
3378
4326
2814
3847
3294
3051
3744
2884
2852
2959
3929
2554
3205
2718
3989
2071
3031
2937
3049
3932
3336
3782
2344
2066
3078
4267
3367
4443
3197
3809
3375
2318
3275
3585
2962
4237
3110
2731
2143
3257
4803
2588
3446
4096
3502
3600
4074
2640
1003
2064
3066
3041
2288
1588
3879
3602
2966
2926
2967
3717
3595
2885
2588
2994
2920
1208
3281
3548
3132
3027
2803
2446
3170
2852
2786
3803
1834
3270
3476
5015
2510
3070
1989
3380
3935
3979
3635
4293
3147
3509
4152
2967
2190
3567
3469
3359
2266
2827
3040
3264
4548
2051
2865
3595
4034
2548
3151
2819
3658
2768
3263
4482
2877
2134
2157
2195
3360
4452
3341
3013
4096
4010
4118
3731
2811
3998
3415
2920
3207
2931
3354
2602
2660
4140
2936
3993
3470
1476
3609
3119
2312
2458
3279
4189
3687
3023
2318
2116
3782
2225
2705
2746
3631
3183
2781
1993
3485
2096
4264
2875
4259
3242
4126
2598
3268
3510
3184
3149
3508
3247
2809
2613
2123
2238
3564
2656
3792
1986
3003
3852
2928
3797
3218
4046
3715
2568
3479
3833
2596
3535
3402
2855
3683
3371
3337
2874
4318
3331
3673
2557
3130
3652
3260
3939
2748
3066
2689
2746
3272
3241
3491
3731
1882
1975
3420
3112
3467
3832
3076
2599
2799
3567
3288
3615
3788
2901
2907
2677
5088
2911
3694
4059
3114
4356
4288
3187
3545
3820
2044
2461
2502
3250
3136
3420
1869
4513
3180
2965
3807
2028
3974
2551
2932
3994
2516
2597
3628
3633
3032
2464
2479
1599
2321
3199
2340
2651
2396
4397
3184
2945
2750
3583
3180
3563
2581
3245
2700
3066
3500
3809
3047
2749
2797
2660
3282
3487
3065
4240
2660
3974
3244
3726
2466
3068
3573
4068
3594
3082
3843
2909
4403
3521
3125
5371
2969
2788
3434
2265
2921
3479
3892
3903
3078
3720
2295
3028
3912
2220
3364
3799
3139
3789
2111
3524
3998
3244
4164
3162
3627
3354
3814
4062
4003
4627
2712
2969
2885
3503
3868
2854
2180
3016
3010
3976
2617
3664
3769
3139
3196
4001
3964
2833
3410
3200
3696
3533
3093
2938
3092
2865
3547
3133
2932
2614
3638
3306
3670
2510
2125
2479
2812
3819
4226
3077
3407
2775
2534
3698
3001
2987
4056
2414
2158
3247
2640
3685
2113
3977
4568
3978
2799
3062
4011
3128
4331
2673
3462
3937
2851
3029
4000
3722
3554
2248
2908
2434
4034
2956
3841
4141
2805
2967
3670
2487
3422
3163
2383
2779
3133
2586
3720
3452
4472
2537
2356
2526
2813
3072
3466
2012
3116
2740
2715
3461
3226
3191
2739
3732
2743
3192
3304
4534
3510
3045
3535
3843
3200
2482
2970
3869
2459
3943
2760
2701
3233
3439
4207
3475
2238
4079
3419
2628
1864
4274
2205
3534
5005
2877
1812
3950
2879
2590
3391
3179
3690
3565
3094
2410
3865
3243
3121
2996
4827
3882
3918
2642
2707
1853
3211
2876
2961
3218
2710
4505
2012
2555
4082
1971
2251
3659
3413
3528
3435
2153
3881
2820
3388
2893
2812
3124
3892
2708
3329
3836
4031
3711
3223
2030
2443
3659
2538
3405
4246
3857
3963
2746
3529
4423
2606
2801
2274
3747
2698
3211
4169
4597
3766
3334
2312
3567
3742
2910
2475
4323
2327
4156
3464
3032
3436
4333
2922
2742
4116
3026
2856
2667
2810
3020
2449
4000
2444
1918
3845
1927
2777
3297
2535
2230
3018
3878
2524
2100
3378
3254
2721
3090
2833
3168
2292
3874
2380
2377
2982
3028
3558
3252
2627
3191
3850
4093
4631
2426
3947
2955
2910
3848
1651
3190
2767
4270
4160
2309
2085
3021
2747
2762
3564
3891
3453
3727
2656
2869
3425
3534
3345
3362
2696
3184
3307
3216
3712
4026
3372
3745
3330
3218
3225
3367
2680
3475
2970
2730
3559
3445
4567
3609
2781
3516
3666
2855
2695
3784
3471
3964
3220
2381
2629
2766
2772
2604
2527
3956
3290
3907
2860
2198
2584
3158
2959
1733
2460
3119
2260
2142
3130
3329
4348
3435
2779
3367
3708
2770
3891
3397
3084
4342
2993
2447
2776
2625
3573
2925
4683
3352
2753
3270
3714
2843
4008
3661
3257
3436
1859
3673
2552
3218
3325
3946
2734
3975
3945
2980
2822
2309
4305
2766
3418
2818
2471
3850
3492
2857
2181
3102
2668
5363
2679
4371
4259
2520
3452
2886
3970
4925
4595
3205
3918
2502
2145
3666
3619
3987
1691
3141
4234
3324
2979
3556
3618
3078
3618
3420
3077
3580
5590
3413
3446
3162
3643
3882
2870
3125
2449
3100
3108
3259
3210
2442
4135
3215
2920
3725
3405
2971
3109
4730
2992
3714
3638
2070
3175
3242
2815
3602
3830
2257
4309
2900
1445
2389
2773
4019
3463
3776
3099
3014
1948
3619
3019
1888
3771
1286
3304
2810
3200
3765
3210
3041
2687
2398
3743
2825
3063
3722
3255
4482
3680
4461
3562
3779
3542
2493
2393
3530
3574
5172
2548
2472
3507
4027
3157
2411
3551
3158
2890
3845
3274
2739
3666
2491
4016
2269
2130
3325
3487
3608
3572
3528
3597
2487
2767
2172
3706
3583
3697
3270
3375
2239
3691
3050
3099
1967
2669
2885
2185
3004
3312
2222
3179
3294
3472
4000
2437
2001
4053
3321
2297
3132
3045
4463
3962
3202
3749
3272
4197
4107
2882
3335
2993
2297
3524
2299
3345
3470
4625
3049
3002
3985
2906
3426
4162
3400
2569
2731
3386
2526
3396
4358
2970
3333
3609
2748
3229
3387
2354
4126
2167
2986
4115
3026
3542
3007
2954
2656
4615
2350
3989
3092
2804
3471
3718
4318
2306
3771
2728
3805
2313
2974
3225
2930
3642
2551
4652
2850
3429
3061
4983
2611
3844
3407
3534
3583
3411
3631
2481
3045
2761
2687
2990
3248
2700
3694
3177
5354
2313
2858
3922
2547
3227
4005
3175
2597
3472
3365
3349
2947
2830
2165
3140
3944
3143
3851
3006
3872
3074
3574
2925
3485
3769
1207
2773
2975
3843
3484
4214
2495
1756
4014
3787
1746
2677
2778
1963
2626
3827
3234
3316
2236
2252
3600
3158
4898
2827
2734
2999
3094
3285
3355
1994
2956
2349
3623
3427
3967
2651
2278
3672
3081
4163
4045
3916
2712
4072
3657
2980
2655
4043
3231
3650
3921
3308
3827
3811
3740
4272
3069
3188
4058
1352
4038
4446
3260
3034
3161
4578
3650
3097
2705
3467
3434
3363
3830
2539
2693
3324
3717
3690
2580
4039
3280
2722
4724
2426
3207
3903
2056
2187
4037
3115
3508
2594
3422
3237
2810
3391
4510
4802
3298
3531
3295
3259
4038
2602
3240
3234
2779
3399
3626
2128
4256
1283
2730
3172
3748
2819
3006
2719
3995
4478
3435
3442
2784
3361
2984
3365
2918
2499
2039
3849
3814
1404
2301
2170
2823
3392
2767
5173
3984
2875
3323
3398
3197
3469
3846
3142
3616
2228
3465
3627
3018
5282
2625
3214
3378
3332
3240
4181
4002
3094
3779
3603
4118
3565
2256
2542
3335
3501
3712
2991
3506
2775
3084
2739
3114
3098
2712
2868
3588
3754
3475
2493
3437
3833
2748
3344
3324
2465
2933
4041
2717
3494
2556
2714
3015
3665
2831
3141
2084
3590
3043
3056
2578
2894
2980
4949
3791
2930
3915
2388
3345
3668
3295
2529
3136
2987
2792
2899
2853
2794
3763
3501
2865
3060
3754
4460
3139
4021
4247
3497
2220
2670
2726
2937
3885
2704
2548
2552
2742
3697
3750
3236
4155
3249
3546
4239
2645
2178
3355
3356
3943
3447
3448
3001
2369
3495
3271
3333
3330
2718
3376
3546
3377
2646
3554
3261
3762
3383
1994
2937
3918
3599
3873
2994
2724
3020
1903
3009
3363
3297
3883
3388
3193
3094
4833
3096
3953
2940
3449
2142
3959
3659
3655
3987
3293
3582
3094
2359
2533
2805
2270
2564
2863
3548
3721
2495
3771
4269
3713
3554
3110
4305
3660
2845
3390
2314
2819
3205
3693
3566
4199
2527
2138
2271
3976
3257
4343
2008
3013
3463
3545
3777
2517
3911
4069
3917
3571
3317
2033
3141
2777
3293
3594
2434
3881
3203
3122
3438
2599
3387
3238
3931
3855
2315
3983
2998
3441
3430
2763
3894
3776
4229
3019
3587
3344
3184
2944
3709
3870
3380
3296
3247
3175
944
3247
2802
2397
3577
2832
3052
3882
4169
3826
2868
2612
3560
2873
3526
3160
4292
2819
2601
4302
3096
3182
3195
3804
3169
3070
4625
2325
2291
3407
2738
2761
2523
3997
2168
3352
2991
2226
3685
3376
3094
2712
3301
3384
3444
3068
2461
4511
4518
2932
2777
3872
3199
3177
3147
3198
2769
3231
3529
2438
2623
2042
3578
3166
2485
3449
3762
3506
3189
3035
3040
2718
2774
3789
3281
2641
3026
3567
2405
5027
4120
2430
4260
3366
2412
2464
2480
3577
3570
3515
2735
3991
3276
3614
3825
1980
2597
2662
4081
2869
2852
2699
2718
3630
3477
3574
3745
3272
4154
3437
2331
2797
2972
3083
3364
4132
1982
3386
3446
3249
2736
3158
2184
3944
3516
4037
2829
3222
3216
3236
2665
4373
2948
3186
2659
3338
1756
3870
4237
2974
2815
3021
3463
2751
3586
3556
3341
3565
4109
3131
3696
4035
3479
3441
2614
3494
3107
3435
3341
2837
3470
3318
2618
3542
3132
3013
2716
2969
4193
3621
3046
3151
3885
2651
3208
2629
2932
2191
3094
3305
3752
4103
2782
3308
3135
2394
3515
3753
3922
2633
3102
3595
2840
3381
3115
3234
3122
3561
2560
2290
2247
3137
4198
3211
2567
4454
3685
3899
2905
2500
3317
4307
3540
4803
3332
3913
4265
2887
3759
3430
2888
2456
2921
3683
3305
2679
2374
3796
4069
3518
2344
3604
3411
2593
4105
2657
3234
3304
3482
3402
3696
3900
3873
3562
3869
3903
3207
2091
4185
3885
3783
4169
2746
3208
3682
3668
2756
3094
3562
2315
2746
2564
2254
3236
3123
2250
4296
3957
2838
2319
2785
3087
3471
3412
3217
4495
3489
3448
3287
3787
3960
3445
3853
2816
3171
1838
2159
4126
3191
4018
1834
2688
2893
3341
3135
3604
3315
2039
2823
3378
3043
2368
2521
2835
3635
4364
4279
3427
3331
2433
3957
1881
3480
2376
2613
3366
3490
3211
2469
2707
3714
3800
3037
2826
2655
3397
4270
2526
4116
4340
2081
4039
3148
2905
3019
3322
2457
3113
3336
3894
3229
2572
2468
3611
2877
3585
3508
2629
2922
3172
3171
3383
4258
3509
4018
4025
3131
3705
2716
2876
1564
3471
4149
3843
3057
4021
3540
4701
4898
3797
2870
3262
3567
2904
2528
3411
3653
3234
3373
3134
2959
3673
3307
2764
2908
4518
4332
2812
1796
3444
3696
2780
2476
3165
2014
3762
3134
3135
2341
2986
2789
3818
3540
2505
3826
3399
3660
2755
4031
3509
2645
1454
2527
3931
3269
3265
3108
3529
2951
2523
3513
3920
3241
4269
4275
3171
4099
3831
2805
2941
3241
3334
3708
2816
4736
2691
4297
1558
3954
4387
3729
4117
3716
4207
3021
3691
2716
2626
3693
2230
4078
4017
2980
4000
2477
3244
4169
2994
3931
3716
3159
2967
3096
2139
3607
2764
2395
3847
3703
3886
2605
4571
2332
2749
2690
3019
3833
3421
3100
3648
3537
3261
4096
3020
3659
3444
2621
3701
4568
2501
4673
3230
2777
3201
3636
3980
3468
2383
2785
3764
4325
3270
3700
2576
3612
3962
2262
3433
2858
3079
3555
3021
3931
3288
3163
3369
2504
2963
3887
2539
2114
2940
2657
3349
3725
4171
3177
3938
2291
3708
2600
3153
4024
2124
3165
3155
2529
3413
2941
3418
2241
3150
3832
4075
3329
3004
3453
3587
2871
2396
2726
3732
3578
2549
3622
3950
2546
1977
2917
2821
3667
2093
2422
2713
2748
4491
2867
2751
3588
3451
2944
3489
3442
4380
1856
3826
3244
2960
3824
3255
2895
3430
4311
3675
3192
3371
2074
3493
3512
3528
3207
2660
3364
3242
4444
3980
2336
4135
2763
2422
2880
3953
3815
3580
3197
3033
2045
2840
3493
2971
3435
2902
3374
3470
2411
3402
4970
4259
4154
3621
3046
3384
3271
4520
3947
3180
2689
2587
3233
2616
2967
4122
3050
2962
4273
3603
2998
3297
3769
3098
2796
4204
1961
2879
3034
3303
3475
2584
3493
4086
3924
2333
3214
3154
3436
3314
2858
2608
3865
2839
3562
3354
4480
2328
3790
2717
3493
3009
3316
2975
4095
4150
3452
3256
3180
3540
3245
4139
2192
2104
3221
4078
3086
2709
3430
2783
4440
2935
3232
2824
2952
4210
3233
2629
4258
2783
2605
3373
3516
3219
3769
3578
3753
4341
3106
2382
2839
3314
2626
3648
2424
2604
3180
3071
3463
2284
3193
2938
3464
2382
2629
2491
3467
2320
2036
3028
2981
3008
2289
4051
4059
3292
3586
2062
2392
2741
2950
2126
2692
2982
3071
4105
3516
2026
3542
2652
3479
2899
2689
3462
3918
2710
3160
4348
2254
3325
3734
1762
3340
2824
3031
3270
3809
3464
2622
3751
4312
3703
3494
3291
3837
1583
4049
2989
2108
3193
2978
2868
2909
2422
3444
3382
2033
1582
2696
2779
2883
2812
3446
3497
3097
3072
2997
2857
1947
4067
2143
2809
3326
3056
3424
2499
3566
3688
2826
2357
3527
3251
3333
3306
2400
3843
2695
3264
3082
4259
3368
2903
1916
3151
3615
2381
4036
2308
4630
4406
2465
2317
2374
3658
2684
3214
3558
2690
3838
3425
3537
4359
4136
3495
3010
2921
2831
3207
1440
3096
2450
3690
3943
4133
2996
3384
3077
3534
3315
2966
3884
3426
3668
3870
3121
4229
3341
3907
2912
2090
3189
2546
2444
3472
4344
2927
2921
2494
2062
4153
3300
3406
3705
2487
2537
3411
3989
1886
3084
4520
3152
3098
3411
2396
4191
3182
4579
2544
4130
3279
3447
3809
3545
3154
2403
3049
1812
2856
3580
3444
2470
3519
2349
3332
2866
2860
2147
3214
2937
3666
2966
3366
3901
2966
3937
3894
4429
3621
2525
2100
3262
2314
4053
3608
3369
2984
3640
3882
3079
3454
3679
3215
3636
3823
2899
3019
3525
3343
3333
3577
2908
3565
2938
3163
2617
2450
3097
2711
3681
2277
3259
2737
3405
3184
3489
3750
2961
1698
3611
3172
3905
2098
2635
2505
3570
3173
3942
3521
3495
2840
3159
3438
3637
4210
4043
3323
1561
1882
3090
1826
2600
1957
3175
3443
3082
3248
3824
4013
2643
1594
3159
3721
2498
3438
2630
2963
3424
2838
2212
3654
4991
3753
3204
2968
3299
3110
2562
2827
2098
3058
3809
3302
4895
3578
3096
2912
2656
3552
3407
3353
2379
2453
4236
3325
3645
3216
3203
2464
4070
2148
3450
3210
3345
3720
3864
3469
4796
1958
3738
2712
3369
3143
3315
3893
3314
1660
3070
3178
2466
2903
2935
3576
4067
2586
3202
3277
3128
2855
3577
3551
3203
4148
2572
3065
2885
3403
3469
2940
2003
2853
2394
3769
2797
2392
2876
2887
4408
3634
2363
3253
2539
3651
2502
3480
2569
2536
3467
2847
3253
4044
3765
2970
3238
2419
2595
3764
2567
2394
3159
1742
2501
3575
3603
3774
3873
1962
3426
2876
2405
3562
3972
3204
2986
2642
4134
3054
3496
3097
3511
2910
3317
3215
2615
4419
2405
3359
2682
2585
4404
3733
3242
4088
3465
3031
3871
3199
2789
3559
3480
3775
3161
3137
3351
2270
3385
3181
2979
3367
2655
4072
3308
3264
2940
2800
3760
2126
3395
3831
3283
4407
2906
3563
3341
2781
2889
2656
3559
1127
2985
2243
3344
3405
3851
2727
4383
4533
4107
1166
3652
3480
2764
2887
2365
3871
4452
4136
4196
3247
2504
3999
2793
2874
3906
2906
4865
4137
3191
3472
2662
2783
2583
3314
3203
2816
2662
4328
4097
3198
3322
2736
3478
4707
3822
3883
3279
3614
2484
3672
2575
3809
1824
3031
3596
3375
3953
2690
2861
3100
4390
2562
3562
2818
3153
3935
3415
3900
4891
3369
2489
3244
3134
2690
3666
3865
4344
3482
2953
3167
3252
3686
3483
4393
2797
3182
3493
4310
4299
3454
1201
2870
2683
3321
2837
3826
3105
2650
3748
4582
2888
3941
3307
2627
3891
3768
3157
3557
3522
2757
3742
3180
3338
4551
3457
4569
4169
2717
3019
2874
2644
2991
4933
4079
3635
3542
3463
2396
2852
3787
2936
3244
3090
3978
2284
3003
2696
4225
3209
2802
2212
1792
3093
3309
3385
3714
4300
2193
4365
4197
3247
2364
3307
3326
3076
3828
3243
2470
3372
4165
2572
3176
3034
4141
3368
2871
2810
3983
4082
2771
2757
4007
3499
3372
2677
4334
2782
3021
3870
4312
4254
2731
2885
3010
3454
3273
2918
2420
3001
2465
2668
3392
3187
1996
4275
3477
3847
3214
3171
3039
2990
3338
2901
2848
2806
3916
2662
2704
3516
2991
2434
3520
2961
3132
3008
2640
3690
2689
3578
2902
3728
3690
2529
2392
2148
2956
3471
3029
3632
4268
3667
4017
3102
2330
2850
4235
3324
2657
4212
3463
3749
3146
3431
3041
2131
3719
2784
1952
4300
2843
2055
3478
2742
2856
4001
3058
4465
3522
2787
4176
4587
3475
4349
3955
2801
2653
3167
3019
3645
3549
3718
3194
3003
3065
3985
3349
3231
3412
2740
4245
4130
3612
3135
2913
2481
2468
4683
4143
3373
4531
3642
2975
2445
3630
2379
3279
3944
3610
3830
2469
2230
3335
3199
2955
2072
3656
2713
3697
3514
2361
3650
3822
4004
2564
3546
3787
2612
2354
3714
3369
3763
2550
3290
3022
3598
2509
4030
2648
2766
2247
3333
2926
3527
3904
2975
3104
2606
2862
2698
2989
3000
3669
4421
3281
2055
3438
3111
3899
4711
3723
3326
2187
4043
3237
3287
3752
3202
4449
2818
3879
1796
3040
3317
4015
2612
2355
4090
2909
3776
3399
2922
2302
3876
3469
3667
2962
3044
3527
3719
3147
2882
2163
2939
2928
3362
3233
2158
2256
3169
2832
4096
2693
3511
3831
2804
3034
3886
2274
3950
2650
3538
2679
3068
3262
2620
3748
3575
3046
1843
3099
2414
3952
3853
2101
3652
2629
2456
2926
3776
2211
3353
3288
2295
3103
3806
3480
3451
3492
2722
3885
2530
3003
4362
3614
3452
3222
3140
3321
2436
4023
2410
2374
2402
2427
2887
4005
3216
1887
2554
3859
1436
3576
2801
3558
3304
2892
2277
2760
2331
2404
3846
2741
2326
2451
3375
3578
3220
3719
2751
3402
3605
4065
3478
2960
4292
2548
2733
2342
3930
1436
1831
4012
3369
3729
2447
3971
2469
2178
4245
3422
4495
2746
2316
3764
2924
3072
3134
2836
3943
3623
3065
3201
2166
4000
2705
2977
1825
3437
3136
2343
3396
2471
3605
2987
2918
3002
3217
3724
1759
3260
3085
2687
2891
3832
2953
4286
2552
3536
2727
3939
3154
4231
3504
2871
3081
2771
2139
2315
3246
3142
3223
3543
3250
2406
2694
3417
2901
2868
3694
3282
3183
2806
3384
3621
2897
2419
3134
3018
3047
3541
3525
2018
3503
3812
3839
3529
2721
3053
3569
3123
3081
3393
3781
3342
3669
3856
4044
2948
3667
2848
3654
2871
3509
2515
3525
2491
2445
2849
2364
4234
2577
3765
3545
2430
2841
4141
3000
3170
3292
3017
3219
3917
3415
3191
3343
3308
3381
3194
2945
3637
2286
3174
3977
4305
2313
4533
3233
3817
2938
3541
4153
1735
3695
2647
2102
4045
2944
3591
2811
3072
4213
2037
2848
3705
2121
3846
3550
3787
2353
3323
3370
2708
3342
1984
3065
1965
2588
3769
3341
3577
3681
3362
2206
3305
4203
3242
2797
3417
4096
2050
4172
2524
3893
3698
4173
2678
3176
2932
2330
3352
3254
3466
3071
3382
1989
3549
3144
3740
3077
1668
3441
4205
3577
1996
2570
3007
3714
3838
4488
3476
3038
2974
1961
4122
4063
3193
3991
2225
1806
2759
2808
3520
3683
3333
4010
3634
3270
3479
3956
2913
3646
2163
1895
2926
3152
3487
4227
2398
2600
3143
2653
2961
3497
3186
2696
3288
3554
4131
4300
3490
3061
4049
2933
3462
3048
3701
3254
3562
3504
3138
2936
1757
1732
3545
3926
4364
2936
2768
3806
2793
2182
3968
3179
3448
2410
2517
3166
2848
3464
1436
2348
3173
3908
3069
2543
2973
2724
3482
2356
3292
3146
3900
4768
3515
3847
1616
3514
3674
2881
2727
3136
2379
3929
3699
3786
3746
3372
3539
4008
3634
2820
2988
3138
2852
2993
3144
3012
3322
2552
3425
3278
3656
2555
3066
2327
3482
4092
4352
2338
3623
3267
2212
3583
2743
3577
2748
3985
3468
3483
3552
3129
4001
2688
3328
2877
2725
3186
2540
4299
2867
2582
3472
3325
2831
3649
3837
3735
3879
3066
3240
3542
3631
3293
4374
4280
2712
2986
3066
2695
3635
3819
2612
3761
4097
3508
2618
3052
2512
3454
3803
3087
2283
3979
2898
3475
2246
3563
3197
2731
3269
3628
2707
3507
4272
4317
3176
3742
2548
3964
2118
4118
3989
3059
3317
2449
3479
3322
2439
2484
2722
3933
3839
3774
2822
4145
3541
3182
3809
3292
2906
2155
3689
3384
2731
3305
4371
2621
3651
3368
2705
2630
2664
3175
2252
4842
3649
3955
3123
3979
3765
3035
4070
3590
3460
3622
3432
2329
3511
2649
3060
2293
3814
3484
3889
2511
2612
3434
2946
2882
3801
2296
3256
3578
3517
2728
2921
3887
2918
2631
3324
3205
3243
2538
3534
3841
2595
3032
2243
2869
3797
3750
3614
3296
3225
4313
2814
1804
3402
3373
3042
3931
3222
3102
3946
2052
2794
2496
3792
3170
2914
3171
3169
4243
3182
3477
3150
2116
2657
3257
3254
2150
2574
2184
3133
3227
1958
3598
3218
3240
3617
4012
3977
4762
1793
3028
2798
3269
3982
3499
2949
2459
4142
3043
3667
2727
2794
3309
2684
2673
3892
1700
2709
3138
1735
3793
3220
2627
3112
4018
2963
3204
2984
2392
3880
3378
3864
3194
4503
3683
2706
1852
2467
4296
3776
3531
2781
4191
4401
2982
2357
2179
2780
3519
3377
3019
4121
2678
3929
2854
2900
3901
2917
3364
2860
2590
3627
2952
2478
3590
4050
2683
4293
3456
3486
2240
2860
3049
3701
2875
2696
3113
2642
3059
2658
3300
2897
3177
3561
3399
4582
2718
3694
3637
2919
1719
3251
2518
2446
4251
3126
2160
3472
3252
1112
2567
3367
2829
2892
2630
2198
3354
2988
3574
3050
3350
2110
3297
3221
2323
3654
3447
4232
3557
2665
3432
2637
3535
2949
4091
4116
3733
3346
3564
3792
3565
2595
2843
3812
2646
3192
3537
3285
2652
2335
3053
4066
3358
3568
3239
3209
4429
3004
2511
2319
3045
2907
3929
3272
3686
2541
3617
3259
3461
2638
3155
2914
2678
2767
3586
4505
3828
4064
3761
2500
4028
2966
2634
2764
2083
3539
1907
3904
4050
3525
3790
3767
3343
3836
3812
2089
4237
3475
3848
2351
2641
3313
2821
3181
3392
2537
3311
2634
3387
3193
2952
4110
3349
2786
3264
3642
2318
4135
4277
3641
2394
3626
3387
3713
3593
1992
3316
2921
2839
4245
2428
3139
3060
3083
4357
2348
3920
2740
2232
3081
2981
2904
2947
3212
2639
3473
2594
3984
4064
2935
2987
3099
3187
2458
3230
3521
2655
2831
2412
3575
3506
4323
2000
3356
1219
3138
2895
3816
2700
2168
2178
3171
3161
2779
3080
3347
3144
4086
3522
3120
2743
2314
4232
4739
3601
3119
2749
3197
2766
2702
4063
4256
4252
2954
3749
3245
2283
3683
2212
4637
3362
2861
2325
3047
2834
3946
3269
3014
4456
2998
3655
3480
3085
3477
2924
2284
2852
3599
3270
3765
3562
3636
1620
3324
4150
3866
3233
3067
3373
3765
3347
3475
3895
2760
3495
2813
2327
3474
3056
4714
4044
2867
2558
3948
3104
3974
3051
3235
3766
2904
2015
2740
2701
2912
2759
3015
4290
3444
3087
3947
3895
3460
3061
2739
2537
2915
3705
3289
2551
3452
4107
3224
3534
3689
3654
2972
3864
3634
3620
2549
2005
3446
2980
2850
3834
3377
3607
2995
3496
3421
3291
3356
2581
3247
4396
2887
3349
3062
3522
2790
2512
3331
2352
2884
3587
2761
2403
4460
2385
2840
3827
2071
4548
3207
3185
3136
3392
3959
3102
3064
2791
3602
3368
3307
2574
3001
3501
2703
3285
2524
2383
3258
2969
2269
2678
3287
3209
3051
3603
3292
3262
3294
2426
3570
3495
2591
3430
4223
3066
3060
2877
3489
2307
3162
2925
3244
3861
2687
3009
3488
2480
3187
3777
2516
3458
4259
2729
2906
3304
3083
3456
3429
3313
3345
3706
3554
3810
2418
3637
4466
3946
3202
4061
2925
3006
3774
2918
1848
2986
2606
2401
3291
3874
2159
3480
2505
2466
3232
4872
3418
3822
2265
2008
1883
3636
3097
3316
3563
3384
2934
3872
3005
3378
4101
1880
3576
3619
2965
2266
3326
4325
2735
1915
4555
4141
3353
3836
2877
1976
2975
3529
2896
2185
3373
2313
2886
3278
3520
2898
3002
3029
3338
3859
4530
3538
2278
3175
3927
3169
1867
2977
1967
2334
3107
2442
2168
3450
4176
3763
3387
3682
4691
2843
3717
3125
3026
2800
3862
3090
2460
2226
3059
3509
2868
4095
2895
3344
3426
3041
3869
2904
3788
3114
4114
3848
3193
2567
2846
2821
2647
3901
3228
4058
2821
3397
3626
3907
2689
3453
2461
3077
4206
2619
3160
2289
3283
3012
3102
3254
3122
3389
3791
2569
2821
4892
2882
3786
2201
3015
1933
1973
2844
3116
2601
3049
2079
3749
2697
1952
3664
3575
3567
3070
3879
3076
2864
2429
3086
1954
2359
2677
2788
2747
2271
3080
4100
2789
3574
3528
3471
3146
3924
3892
3781
3271
3626
3388
2824
3557
2667
3008
2914
2604
3720
2785
3914
3878
3365
3470
4132
4751
3647
2635
2645
4146
2992
2976
3216
2007
4127
3148
5028
3447
4099
3854
2454
2855
3510
1874
3095
3542
2510
3198
4046
2884
3082
4455
4207
3425
3447
3153
3562
3335
3794
2644
3732
4628
3670
3536
2272
3957
2231
3357
3445
2992
3160
2739
3919
3866
3435
3599
2702
3253
4109
3035
2566
2730
3623
4107
3287
4047
3081
2851
2843
3233
4063
2784
2775
4421
2949
2574
3707
2959
3495
2841
2568
3845
3231
3123
3079
3783
3297
3785
3704
3897
3175
2021
3948
4377
2912
3901
4093
3673
2595
1768
2779
2774
3844
2532
2385
2347
2784
2809
2384
2450
4675
3075
2416
2348
3510
4417
2535
4260
2676
3262
3698
3654
2039
2850
2881
3074
3724
2175
3598
4138
3299
3562
2955
3980
4634
3472
3759
3135
2564
3933
3308
3105
3061
4201
3431
2851
3638
3487
3785
3861
3129
3920
2754
2892
4148
2637
3156
3973
3935
4422
2873
3201
3826
3105
2328
2638
4084
3961
4288
2528
3649
3243
3577
3744
2167
4108
3767
2784
1873
2330
3075
2960
4258
2380
3084
2441
2865
1435
3092
3859
2953
3325
3679
1795
4126
3055
4416
2847
3193
3007
3673
3324
3859
2849
3346
2997
2826
2488
2724
3791
3376
3047
2927
2975
3533
3351
3057
3276
2739
2762
4193
3364
3748
3890
3526
3313
3306
3267
3186
2785
2863
2737
3351
2473
3288
4082
2591
2948
3253
2826
3744
3073
3723
2749
3580
3811
2041
3929
2189
2691
3735
4158
3157
3333
4565
4091
3453
2628
3185
3264
2706
2445
2830
3075
1613
3570
4253
2895
2699
3312
3307
3911
3459
4090
3271
2589
2415
3772
3527
3101
3481
2658
2776
2718
3794
3580
2763
2550
3816
2767
4379
3667
1761
2708
2871
1925
3315
3000
3917
3188
1838
4125
3799
3617
4196
2912
3384
2978
3744
2672
3907
2556
3231
3397
3427
2873
3328
3400
4449
3090
3113
4501
4288
2982
3133
3530
2683
3013
3592
3698
2931
3168
2966
2696
3474
2562
3046
2215
3737
3717
3336
3836
2112
3775
2953
2924
4180
3742
3012
2961
3206
3605
3332
2556
3210
4065
2793
3925
2893
3094
1831
3078
2223
3307
3975
3582
3473
3294
2935
3157
3394
4024
3356
3805
5235
3450
2118
3558
2391
3624
2097
4485
2358
3010
4222
3075
2400
2416
1729
2456
3468
3545
2580
2678
4275
2768
2762
3562
3455
3769
2639
2505
2828
3604
3348
3229
1900
3279
3845
1837
2859
3653
2885
3659
3537
2841
3268
2935
2141
3659
2837
3625
3738
2223
2984
2603
3951
2643
4466
2994
3592
3618
3498
1999
3984
3394
4403
3342
3196
4085
3132
3263
3068
3311
3148
3807
1700
2441
3472
2422
4216
3719
3929
3303
3301
3734
1872
3351
2465
3048
3473
3222
3472
3612
2479
3167
3714
3534
3059
3262
2918
2497
3647
1870
2606
3143
2171
1993
2343
3163
3347
3134
3457
3096
3728
2629
3297
1993
3585
3360
4869
2620
2545
3954
2866
2144
3135
3658
2294
2202
2486
3277
2875
2917
3396
3374
4137
2450
3496
2748
3341
2376
1422
2946
3132
4419
3904
3725
3039
4118
2482
2677
3818
2613
3355
3867
3467
3567
3638
3423
3747
2883
2883
3086
1868
2800
2759
2537
2861
3208
3592
3376
3370
3431
2663
3004
3177
4052
3824
3454
3554
2948
2953
3590
2745
3362
2936
3380
2417
1664
3632
1823
3998
3313
2382
4193
3456
3082
3454
2924
2341
2756
3556
4139
3041
4661
3211
2082
3858
3101
3402
2671
3188
2843
1778
3704
2515
3958
3326
3567
