97
133
104
70
72
96
79
75
116
97
71
91
92
106
110
127
104
126
121
94
99
110
108
110
102
127
105
97
99
102
114
84
103
115
119
83
115
85
112
105
102
47
84
100
102
62
95
93
103
92
70
111
105
101
81
84
97
99
109
55
109
113
98
91
109
95
101
110
89
103
83
73
106
131
112
105
158
105
103
141
117
78
85
81
78
104
96
120
119
96
109
103
131
95
81
92
63
70
120
90
90
141
120
76
120
126
97
106
108
73
110
110
68
89
144
63
104
90
145
136
85
112
114
121
74
80
92
100
99
120
74
121
73
106
117
112
118
74
88
135
97
112
94
122
107
99
114
118
131
68
137
104
107
102
98
109
139
120
97
99
104
93
85
79
82
92
96
96
78
92
130
106
84
100
116
64
105
88
107
80
126
121
108
145
93
129
94
122
102
90
104
104
99
119
99
78
122
79
142
85
