10865
2134
8738
3809
6618
8470
8574
2994
3711
8850
1218
8988
3212
3946
4144
3683
8617
10734
9530
1964
1342
3785
10065
8234
8700
6445
37
6715
7813
12583
606
9164
1360
1196
11440
797
8708
10499
9306
7581
4745
8853
3989
2404
11010
177
5005
5030
1170
11415
6419
9187
4868
6775
9565
5633
6799
10078
2558
5672
3259
3045
11241
7885
6648
4429
11406
1268
11773
1645
5091
11867
2160
7643
417
781
4685
7128
5072
2934
8534
12569
3866
8639
7177
12306
7999
71
3769
6831
3868
1448
10760
7671
12149
5731
5556
8547
11472
1065
12780
4452
11250
996
11525
3709
2282
3839
8126
489
9681
11375
9001
10167
9835
8658
9470
6905
7119
3714
11529
10421
10784
7966
5414
4043
1537
5945
1119
4389
12216
1038
8591
5117
8770
126
6123
1978
11569
9426
9843
6881
3718
10524
3473
9475
2553
6964
12489
7077
6595
7465
5856
12416
9241
7624
6374
5949
4967
7765
7886
3066
7210
5183
2605
11248
3826
3653
11948
10496
4625
6204
7993
143
9393
11454
5602
10770
1560
2777
10153
9432
2267
4074
6119
642
11298
2011
2663
11098
8065
12774
8292
4911
3552
12080
10153
6575
10739
9637
12097
10827
3537
7564
10015
3002
4827
12681
1728
10928
4698
1039
6021
6594
10695
9835
6876
8333
5928
3718
1867
2905
9043
7040
9842
4820
12524
879
11207
11369
7037
10795
9021
1037
10204
12394
2790
4632
11674
7624
8515
7056
9016
10790
3799
1276
219
3170
5577
9499
6793
12023
12234
2458
716
3118
3562
3761
6671
7020
9790
8166
9736
8385
2118
1470
11272
5739
9295
8528
12166
3846
565
1713
12725
11306
2648
11654
370
6502
5648
4285
4953
661
7904
10087
10155
8236
10139
11331
8341
3792
10502
9437
1888
3542
7106
822
259
4802
5893
5985
833
11532
10980
799
6337
8982
2267
3517
7648
5989
8603
8405
4501
9923
9841
4730
5911
2328
11456
8106
10748
4972
9605
12758
327
12337
6683
8080
11321
7817
10398
581
4100
7732
3147
11982
4716
2335
12347
144
9841
2717
6199
8541
3335
11175
8083
6724
10824
9315
3952
7288
1864
214
4427
10513
206
5445
7199
4757
251
2024
3976
12424
9884
6869
10068
12158
6925
1661
12172
3747
9390
10476
12439
12235
9328
7597
7332
12083
1677
9025
5835
5214
6190
5303
9510
6972
6275
977
7803
11461
8351
4465
80
3446
12136
929
12110
4859
9863
3707
9144
2206
1978
12484
8246
8109
12375
7599
10859
12693
3030
11243
6077
431
7181
4205
5396
2880
7037
3007
11342
8981
341
4531
3751
8203
7657
10744
8323
5399
3790
2100
278
7688
1494
249
9037
7454
12324
11586
12335
11528
7564
6997
7564
9521
2626
5411
11434
5205
612
9936
5590
2325
11408
9670
3974
11497
6198
2558
3732
1918
3246
8026
11029
8049
3349
3803
5341
11248
8480
12206
8230
8632
8497
8717
12297
1740
6279
9661
3017
2050
2709
414
3354
9764
5117
10267
7230
6520
10244
3208
11408
1637
11359
9943
12556
4464
4364
3688
5592
11107
2214
8818
12089
2132
12396
10722
3782
148
12729
10228
2656
10357
4761
12100
536
11182
11364
5060
3465
11428
10116
7827
11975
574
12715
2347
12036
11695
9494
9725
2909
9707
5533
4043
1930
9052
6099
4072
8227
10297
4354
1768
6957
740
5278
2715
7226
3288
2229
10930
7414
10473
8628
5098
8821
2360
1044
1881
7953
10682
8372
2650
10438
1998
9901
3250
11919
9754
6948
3513
8830
6603
11110
3444
3491
5493
6580
6000
11069
7924
5819
8881
5471
2322
8457
7376
628
2387
3145
11398
5532
9794
11584
848
4628
4655
3533
8062
6400
8998
2811
11208
3180
7478
2913
7351
49
12124
8125
6224
7720
7621
12353
3515
12524
542
10468
10321
8345
3472
6663
266
3651
7162
10599
12242
3814
5223
1167
8659
9995
4671
10627
7708
1957
10839
7906
12549
6375
8625
3607
11175
10500
2737
1982
12207
9036
2499
11910
474
5020
817
7620
11893
5888
6471
469
10695
6841
12454
2005
3938
11847
9001
7447
10983
12721
6619
7332
8494
11125
10248
5914
8795
8987
7311
9055
1191
4768
10012
6521
12796
917
258
3703
12502
10647
8705
12342
4179
7098
5352
4227
9716
6226
8605
8211
634
8209
9988
5852
8530
12703
7757
12381
11141
10271
10607
11577
454
8462
3517
5806
10616
2742
1459
11631
2898
2666
1755
3350
8833
6269
4941
5322
12397
6530
6858
12510
110
4096
1676
4266
5001
11129
6822
11794
3764
7013
1111
4057
2058
10094
91
1004
7248
10739
3893
5725
8122
4831
478
4687
11665
2107
908
9584
1397
2065
8102
5649
7032
11268
10952
5475
9978
7737
9776
7523
4602
8363
2843
2542
10827
5731
11926
4400
6434
12342
6055
892
12430
9489
5135
4424
8330
9365
5669
6683
7173
8884
5174
12562
7285
731
7828
2626
269
164
10289
476
6472
2428
11213
9463
3166
5186
11402
8128
2039
9237
3534
2338
4062
11868
3193
6563
815
3155
12414
12352
490
8257
5416
54
5947
8266
3160
10078
12738
4296
4654
6655
11394
1278
2718
397
8827
11957
2654
4351
11194
4100
8606
4243
10926
6525
4913
271
2822
11884
7092
8048
5146
12268
9276
2482
10104
3544
6271
957
12444
8476
5534
11508
5888
838
8377
12300
11198
9842
12705
7296
5975
4936
4755
9225
724
11101
5852
4845
479
10989
8627
8694
10351
3221
8648
10825
11768
7823
7089
345
9881
11100
12381
7640
2130
11623
8715
403
1525
1915
6440
1264
9915
7409
12728
3244
8913
8679
8476
1612
8023
12542
6631
8994
7739
2429
1439
9383
6092
817
1424
12009
11497
9170
3321
6953
12630
12270
5308
5546
4471
10800
6673
6690
6042
6476
6492
9802
6658
6445
8208
10721
2514
9935
4942
9119
5570
9274
5213
8189
4324
375
2416
9132
945
5137
10715
10589
2951
12669
11949
2277
8052
6611
9928
3302
9016
12113
8540
11726
9747
7923
4317
865
4454
7023
10792
7562
4721
9260
12698
1919
10132
246
12750
7008
11127
2391
1443
9728
8735
356
3076
4701
2349
2034
9223
11986
4451
1975
11409
12204
2868
1130
10841
6753
9924
10375
6587
5985
4748
2239
4547
1355
795
3775
7789
11871
4147
9513
455
6075
855
1105
7510
3885
5246
12761
588
3933
5338
399
783
5988
1712
4281
5326
5799
2869
10539
1927
12643
3333
12600
2024
5980
1183
11598
983
1043
11505
5605
4217
4232
11491
5330
3107
11392
2160
4604
4798
9573
2168
9421
4850
2400
897
12527
8337
8284
6055
1341
10154
7176
12180
9046
5643
5240
7194
6150
11574
1733
12707
781
2997
6485
2581
709
760
2620
5791
976
4148
3109
1320
7036
1164
6120
4690
11078
10937
9205
10500
2802
122
7245
4249
10410
2984
5163
5727
3874
11829
9041
7231
1271
10952
1895
11279
12555
10986
10635
9899
8806
6550
4485
11297
11581
6192
2969
12572
8538
11159
5292
8909
1762
7218
10055
2849
584
10174
6804
2123
2940
8371
930
10494
10431
2279
518
9518
10218
533
7079
10813
12128
8890
9926
2662
3757
12693
9976
6432
8602
9861
3113
133
3017
4812
10229
10401
11856
7587
9512
11195
4235
6384
12270
12080
4246
6125
7785
8970
9174
6244
8910
5772
10310
11753
3462
6288
12739
3055
5666
9548
6781
11771
9092
1018
1842
8428
11943
9346
6548
11381
7064
8446
6916
11494
10506
8445
2943
6771
1548
12429
9509
3471
2837
166
11151
1917
5359
621
4001
1712
11149
8149
12643
8628
3483
9228
6157
2613
8310
6713
7014
10107
1645
2267
11390
2437
1122
7977
1894
3572
6816
339
11858
185
4911
2495
10501
3003
7344
11430
8589
3182
12597
12019
2926
3454
8129
3018
5037
6716
4565
4959
11579
11871
11662
8644
10666
7858
4986
1759
7272
12087
2327
3215
9529
1608
2973
6291
6269
2274
11214
9514
898
6797
11311
8750
1307
11520
3088
1406
10307
5963
1870
3314
7912
5366
90
4857
6460
8741
12546
6675
8983
922
2794
859
6500
1432
7235
350
9647
5968
12153
2841
637
12493
5200
2281
12705
7669
2300
8805
5024
1322
9847
4814
4139
832
7624
4305
9070
12685
10208
5915
6492
12684
5407
1272
697
7232
2820
9520
10280
2378
5044
4831
11267
8893
12224
10061
124
1595
9900
10763
5018
7364
10129
10354
1491
5764
6453
11742
3433
996
5587
10918
9922
9914
9374
11156
11691
6711
6801
10514
2590
12797
851
12715
12531
7810
7699
3659
2552
5295
12718
10309
7024
5149
126
7111
9312
9561
4360
618
2340
2866
845
4307
12167
7510
12234
12668
956
1507
11700
1169
2
9892
5300
265
401
9073
4754
1269
11320
5422
6388
8593
7822
4155
10189
12050
9265
3646
9743
5921
7442
8660
3890
9338
542
9267
7900
4739
7104
1814
6749
5291
10151
8118
1701
6650
7794
4672
577
7018
128
1058
673
989
9360
10974
4864
7140
1291
11969
12117
2915
11196
11492
11737
6748
2521
974
10347
12655
2943
10420
12480
10871
6773
7439
11374
5329
7336
1291
9290
5821
11915
8536
2594
397
4572
10232
10174
5466
2293
8502
4121
10758
6653
8700
2330
7698
3447
4074
10032
9094
10555
5570
6763
1596
10470
10886
5875
1439
6354
8898
6646
8247
11021
5618
8788
5487
2171
9510
4197
3903
6510
2750
10428
9265
9158
4553
9547
4326
6218
6622
2291
3281
10786
10196
2404
11904
5379
2889
8194
11216
5814
2909
6180
9295
10452
8601
738
2888
6542
6473
11821
23
6887
2679
5472
11692
120
9335
931
7914
2393
5726
8844
10936
62
4698
5194
10017
11094
5190
11058
11226
11338
9522
5287
10737
1844
598
1240
603
2591
3461
9896
1001
2385
11921
12025
734
3527
913
6707
4047
8163
9340
9894
1416
8062
3039
10848
5863
2372
4342
3442
9927
7310
310
10867
735
6768
1298
9412
2571
3245
4176
6734
237
2077
8341
6199
10720
12310
2046
128
4451
3555
4003
12618
8389
4896
10077
3456
5970
11533
11675
11280
6703
6124
1773
4183
2168
10371
12438
2672
3084
9089
4091
902
1633
11568
9776
3707
10705
12
12594
10468
9312
10632
44
6410
2353
6146
1282
2257
1516
195
219
2447
8542
5318
3620
12714
4242
8497
4507
9946
4245
2820
4246
6510
10808
8541
8119
759
4949
12387
5533
5701
11362
4640
9767
4552
9486
2366
7588
7072
178
8374
6512
1984
5245
12572
8105
4256
7880
2355
9384
1323
10342
11181
10575
2579
12238
6656
11075
10139
9645
10853
716
11945
9199
8941
4665
4104
895
6582
6459
9389
5252
1764
11669
7305
3875
162
2196
6331
11509
10134
11776
5926
4950
3534
1943
703
11098
9625
3907
12615
8319
9582
1001
9705
12272
10605
3224
4648
10272
1368
10303
354
279
6354
1252
5298
12184
1149
5483
11832
5728
4033
10069
3422
467
9359
12619
9807
3663
11330
10539
6666
6497
2867
3606
3942
8558
9159
3397
8776
5340
8762
2878
11466
6823
249
5679
2343
7219
1096
385
12105
4883
8575
11036
1518
2747
4255
8425
10330
6876
3083
9963
1066
363
11280
8847
2725
5435
3406
10411
6469
1866
8937
8621
12658
5727
8001
2788
7886
5148
3125
11409
5207
2436
3239
2329
5599
6603
6860
8580
11983
3382
10382
11697
1654
12769
5806
1084
12774
10607
6057
9710
12197
9071
502
9199
3795
4292
7867
332
8869
7994
4890
9634
6050
8656
1392
10680
9752
666
11209
10223
4372
6227
10348
2814
217
8643
1339
12019
10310
2190
1174
7617
6391
1048
10962
1968
11568
4923
11324
2825
6120
6826
9414
8210
8186
11723
10925
7211
4138
11409
808
10569
7050
7693
11976
10150
7369
11122
7474
7661
2648
9067
6742
12507
8475
8201
1525
10465
4602
11836
1029
5029
8729
772
8561
3570
11966
2325
8570
4807
9743
10051
529
11913
9133
2485
5645
331
10672
10102
1318
10569
4091
3687
2132
2630
2094
6961
2439
5514
8177
3253
9735
11168
8029
9718
3040
9473
11595
10071
11453
453
11832
11261
553
7542
12061
4379
10741
11410
5806
1610
205
11627
12598
11152
4958
9980
3694
12742
344
10439
12416
6714
8296
1935
8756
9108
8357
2338
4407
1672
9145
6788
2550
11588
705
8391
11937
340
9086
9364
12648
6713
3618
2695
2479
6411
1035
2462
3743
822
10320
10694
5751
680
10620
10200
5272
1723
2024
7612
6121
5175
11925
6186
5442
4805
11955
12235
5259
1655
4895
2653
7065
4995
1507
8640
6906
6911
555
2751
6594
8841
910
6858
4745
12225
10916
10922
11046
9731
12119
1758
5995
6782
6000
12191
11509
7908
978
7050
9501
11810
3724
5328
2526
11990
3146
8629
9430
9345
7989
12716
6458
6949
10838
12634
11607
12065
1715
4662
9105
4932
10204
6281
11405
9307
2181
2540
4049
6571
1074
2633
4555
6407
1103
985
824
5527
11338
2795
2101
11824
2115
7647
9036
6193
8440
6588
8518
3811
839
7118
3432
6773
1336
4930
2748
11193
10737
11150
1567
9153
661
8011
6950
91
3006
1674
12388
11879
6843
3732
4828
3889
886
5304
10669
2119
5264
8938
8675
2507
9070
11152
7989
9255
5257
793
6273
936
5600
3067
6832
208
11490
9701
12090
10758
10252
8101
7457
9625
9881
12139
9504
5144
7600
11740
4531
8715
8638
8331
3148
2213
7854
9656
1682
1282
11336
1700
7410
9686
9759
8855
10114
3172
11146
6783
3660
5056
7699
9463
9784
2251
9361
11067
4759
7005
11249
6255
11254
2118
7962
7215
8498
11333
2956
4160
9001
3134
6451
12137
10241
2771
8154
576
7006
11386
5971
9473
3114
3258
4665
3799
9935
2412
6049
12637
4921
7855
10000
3265
11042
6633
12686
427
6552
8794
8695
3081
7310
5869
1282
7690
5474
9779
4011
6859
2128
8064
3278
6574
7068
9905
12598
4449
12502
3305
11333
3533
10986
3232
11631
8482
5272
12066
3447
1796
3262
11380
6916
11906
3221
1974
12226
4839
5173
5758
8314
34
8109
8801
7210
10086
8551
10311
5466
9378
7687
6986
6290
12475
1770
12365
9758
11981
10075
6
6610
582
8099
1128
1542
5415
8965
1464
12462
1765
7383
11046
8319
8106
1478
624
2591
5134
7656
11592
10815
663
7000
12477
4535
8276
653
6653
2891
10001
10134
1553
11668
9171
12708
3482
5936
3287
7918
11069
3087
5741
1658
605
11946
7379
5797
1182
6098
7847
340
3268
12287
816
3993
995
11779
4807
896
9326
6609
6246
4238
10399
7730
10694
10788
1142
5687
2224
12743
2649
2779
7129
3811
4187
4893
4815
9906
11530
1321
3632
9517
9679
2672
3525
10950
920
1330
7078
8979
6777
7452
1729
9998
4063
10738
11857
11392
262
4523
10965
8662
6685
12213
5084
7123
6447
9330
9707
9107
10094
11987
12006
11637
2730
5535
9750
4622
4508
9578
1728
10545
3036
6609
9760
9434
56
1758
3119
12153
12066
125
10040
8684
6201
4851
2687
3011
6870
771
3886
3733
12574
6613
765
2064
3111
5495
9921
6415
5719
702
2482
12742
119
10283
5802
11293
11546
3543
1141
2124
1360
9403
11979
3252
12184
7798
3126
1343
7729
10622
7373
11970
1925
8388
843
4988
8583
293
8461
1046
56
2492
11899
7670
9165
5685
11702
9250
1321
12528
11168
7499
3967
9612
2150
9520
8430
2671
3185
10193
10227
3995
11330
6648
10059
6140
171
513
1927
580
11412
8082
7774
2568
1194
3929
9558
11053
8957
7265
6508
7055
5017
4592
5557
8213
144
8436
12462
6436
9867
7961
9412
12683
433
5118
1362
3158
9585
837
9418
11813
2922
10735
6950
9373
1605
1218
11431
5209
5520
203
8343
8393
639
9042
7252
7844
5721
12383
187
5065
6273
8305
6765
6099
10365
2947
4401
12610
7465
4810
11105
11257
5633
7601
6347
10712
9640
8234
7426
10100
7737
2293
9511
434
10366
1697
7035
6198
11836
2800
5716
5255
3355
6682
1835
3905
3588
10250
7229
4042
58
3885
11885
729
7671
3571
1734
9216
11250
9
12533
11879
5325
7813
11515
171
6129
2383
1086
5074
4709
2966
9365
10964
8644
397
2227
10822
5786
7225
4062
7349
8674
8889
3993
974
11102
4522
9004
11821
8219
1509
658
6034
198
1637
5298
2860
6304
10789
9441
11943
4089
1792
8305
11675
10601
1418
9732
2291
3032
2187
12775
10371
5441
10009
11097
971
10251
6749
3193
8710
2997
346
9365
5649
2099
7651
3995
160
3739
5053
3790
3135
8741
12737
11118
4293
679
10107
10096
12501
2101
1307
10863
10307
12017
8068
1392
10457
4041
8833
8536
6167
8141
561
1212
4210
1346
9765
3431
7741
2057
7068
2335
5872
4963
1546
6945
12703
10794
4223
4117
4559
1917
11049
1879
12390
2458
5039
12248
5056
8585
3858
8889
4378
1562
7576
3855
3454
3012
7926
4288
3602
9312
1230
10459
6746
4122
725
11302
11401
5909
6526
11686
2015
1040
644
10095
2620
3819
11613
10186
12768
6731
3020
8691
3753
3915
5703
7726
7399
12785
4904
1840
10018
10816
625
11266
7971
11984
6242
8989
12712
11394
1929
4130
10986
2277
6154
9675
2669
9765
9025
4983
7408
11466
4437
2135
6204
8627
6596
296
12461
6573
3507
4950
630
8372
6500
8831
1032
2061
1616
5397
931
6721
8970
10833
386
8478
5255
6125
6963
4730
1719
7929
3414
5090
11833
12501
11522
3010
3000
6524
2609
2198
10507
2923
7558
2249
9709
991
7196
4086
5916
10910
238
124
6901
11453
1273
162
8133
4980
12422
5870
10844
3598
11604
5436
12366
10710
5613
6240
3583
10840
1308
5276
6041
7085
10098
6293
4544
12512
12297
10009
11469
8807
3525
11287
7704
8402
10790
1327
6400
7413
11742
7204
9756
11759
2057
11957
11425
4569
7157
12690
3472
9417
11355
10839
7685
2485
1693
7593
3088
6286
5187
12590
10443
941
6088
12506
2286
12765
4240
8664
7212
12739
12203
1380
3660
12236
1016
10904
3075
6623
4319
4899
649
8705
12359
4361
7120
7481
12020
8651
11012
10641
5966
9616
11783
10275
10551
6444
6638
657
10011
12724
7689
2172
5158
3147
5051
1449
8010
2131
11706
3522
5933
1697
1011
9486
4239
8355
4465
5396
12469
3409
10218
8465
3837
4954
11019
10659
6857
3752
8933
10458
5068
4636
4081
9203
3950
5521
10292
10178
1478
1835
6100
3986
9239
4901
4453
7329
8345
309
4723
4725
4841
11533
9338
1760
2818
11996
11302
8102
9398
9633
5111
9162
6014
6134
1101
7958
8880
191
6787
1361
6564
12025
10246
1108
7283
898
620
11425
3982
531
3907
10535
1559
8528
6297
1338
2999
703
3586
9882
6577
11284
12600
9446
2530
734
1343
1328
3930
9917
3383
5220
7022
3106
6728
9489
3517
9561
9425
3898
477
2972
7519
11969
8
4986
7463
139
6820
5848
11257
3993
11731
10336
6476
9747
2089
8567
5047
11353
1499
9965
1877
6407
1976
2234
11926
12068
5285
7983
907
5289
2062
3794
7900
4721
55
1319
6838
5535
10583
12770
6697
6122
1738
11160
7388
4512
12478
5000
6521
7140
12066
10389
3636
1100
8477
9541
3396
831
6824
10764
5202
5841
6896
3685
3322
3750
1616
5427
9855
3816
10523
4564
1548
3725
83
7461
10470
5471
10574
4563
6047
7230
58
1873
9784
821
7770
11286
4476
208
2725
2933
2599
4087
2273
4059
12381
10502
12618
10767
82
7020
10439
1147
12263
1918
2074
10369
61
1089
11465
12513
12744
9975
3908
12053
6305
10404
11260
2617
4249
2231
5738
12221
4565
12469
11294
3881
11887
4492
12760
12693
11660
933
2288
8431
1039
2671
12301
677
9240
4114
880
4380
3994
8429
4889
8905
2360
12714
2011
1746
11644
9259
12784
10920
10432
7442
3621
6066
1286
2582
12140
12013
2551
5347
6523
6331
5871
11946
7476
8549
2117
6491
3353
662
4349
3742
8902
4173
8331
7099
10995
3454
1088
6174
4352
4816
3797
77
6033
11863
1704
812
8475
6216
6008
6818
7539
7624
4411
3009
2943
10076
11389
1940
8499
9829
8550
688
1231
5991
10635
5977
9256
6629
6754
1793
4150
9948
8448
9009
1430
12785
4687
11507
2244
342
3989
9397
8242
6790
9692
5109
11411
9250
1494
12452
3342
1581
8855
10913
5638
6274
4213
453
12798
7935
898
6546
9224
5551
12533
11541
5137
6035
6940
6852
6522
12321
5871
9674
11628
4636
7061
10606
4380
1910
7713
11449
10101
6391
8810
3878
936
3567
2854
10784
2212
5795
4106
6568
1260
7365
10805
12470
11949
3170
1253
9908
2722
7246
3132
7207
1011
10197
4707
2863
6664
2771
2308
908
1439
6092
1285
9338
12428
4748
3278
830
1460
11897
3516
4557
2060
153
10078
108
832
8420
791
2964
9461
10765
7184
4342
478
192
9916
5196
1928
438
8699
11122
10511
5445
11312
2814
10874
6916
12639
6262
10030
8933
2874
8092
8223
19
4951
2170
8709
1489
7821
2231
4579
2311
12318
2644
1206
9360
7327
11021
5867
4097
11857
10288
12522
9570
9445
8347
931
12717
3387
8663
4586
5203
10912
8055
8254
2624
7599
12447
398
12225
8146
1514
9228
7188
7842
8691
7015
4309
5769
8217
4535
7482
9279
5066
2630
11815
12464
10807
5391
11681
6828
11038
5796
9834
8752
9810
1148
10468
11501
12115
6165
10995
3644
6829
6492
142
2919
10536
11703
12263
3936
6753
3579
1284
648
520
5114
2639
2153
7400
5547
12529
10597
7748
4334
11224
4594
3740
2313
11139
3951
3265
10363
4256
9378
4319
2603
4617
518
7309
2896
7759
1466
12505
7490
2102
11404
2840
7900
3836
6215
12315
69
6946
2862
3951
6067
579
7618
1618
2284
4174
8892
9901
9189
4346
6744
6572
1398
6404
4725
301
5711
857
10289
1654
3848
3510
10035
9888
10373
3883
3287
1667
8310
5029
3019
2151
1291
9522
2753
9336
8890
7104
3114
7696
10020
2545
4992
12044
10518
4417
831
11217
3327
11093
479
12189
3315
7085
9206
4730
2401
10223
8679
4057
10758
4804
1688
6691
3405
591
10605
2022
1820
2348
11282
12066
3113
9308
3915
4054
7038
418
2852
3249
10429
7128
5520
4793
8719
8727
1331
9886
4316
8220
6018
6150
6009
5536
2419
902
7902
6582
1521
12113
764
9810
7909
3419
5077
10919
12420
1325
1513
3974
12330
3785
5677
2552
634
8415
2184
12760
11769
7640
9338
2716
2741
847
12641
11419
11267
9622
4955
4189
3644
11791
5233
7462
1336
1275
11546
2757
4390
7369
5937
4613
5974
11722
11119
7324
8733
1423
12240
10724
11254
944
4244
3058
5980
197
8699
9925
10374
11438
8771
2017
5425
6288
3881
9316
11780
3161
873
2741
5866
93
10010
730
9903
9936
3708
1756
4040
9287
7403
7793
876
7650
12299
4121
1125
10091
2826
5679
5214
885
10134
11187
9101
12295
8861
198
3401
135
2348
3155
1408
2785
8574
6318
12445
6921
10096
8273
11084
3466
10465
1967
10782
8714
2116
3829
2338
8930
2731
231
7237
8295
6633
5843
10719
6745
5563
3422
3158
11539
449
12613
2718
5883
10468
2266
3468
7199
5501
6914
530
11797
9728
1637
4401
11923
5249
2910
401
7137
7140
7105
8816
9758
11566
6787
10456
4814
6566
3820
8403
7192
9754
12507
3019
1933
8817
1065
10935
7909
4087
8028
6979
10372
6525
6221
8599
11557
4611
12582
8977
898
11129
11248
4313
7795
3857
3740
3854
10769
3014
906
1999
9869
7160
1141
7010
11520
10512
11468
3740
12362
3209
9681
2158
4634
8131
8799
5783
1891
5002
368
7607
10540
2546
795
4270
2002
10586
4530
8453
4918
3085
8925
2249
10162
8078
11466
2814
6065
8497
2861
11397
4579
5915
4531
8680
4988
2256
8300
11389
2316
7400
9
5441
10572
10662
4332
7308
4322
8023
1937
10638
9700
7774
53
8445
2000
7178
10546
11881
7047
9777
6048
2398
2363
3338
11187
11420
9276
4280
11195
8583
1510
8234
8179
12498
8857
2431
12488
11592
2080
11990
8026
5830
5843
3261
9963
1632
12379
6066
4260
11552
5127
9172
8635
392
4726
5429
205
6143
11724
7978
2104
1070
10022
2510
9170
5628
3513
8035
3703
154
4077
5682
5976
12220
8322
10358
3396
3726
4981
12728
11124
8323
2369
10796
9048
3887
11402
5332
5678
4765
10010
7321
8599
2308
2347
11292
2521
7965
9297
3189
7620
5390
542
10426
1890
11064
5872
2950
7673
6173
1652
9829
10142
7667
7373
1575
3190
1027
12011
3530
9798
11641
2031
2597
8062
2123
8279
7222
2825
810
9276
9986
11256
10536
6824
9643
5123
6321
1928
481
2428
1325
1805
7147
6162
3544
5899
2509
3961
3675
7069
9781
5689
2316
5241
8973
10383
10376
5701
8060
3038
1291
632
11659
1181
12265
4813
438
9846
1103
6942
3091
3811
12620
3421
1061
5083
8973
12635
9962
3937
1
540
7556
1502
10999
12172
2703
4544
7035
8486
4058
3052
6056
12775
11061
6467
708
9964
5635
9173
8703
4334
6534
5599
9701
7734
957
5548
5244
5830
10063
2811
9265
1074
11653
10091
9046
2101
6220
8772
8253
176
108
10798
4886
8480
7245
12707
7873
10534
5583
11026
729
1034
6301
9721
8130
9781
9435
10424
1409
2326
12423
2663
5737
4791
9499
4831
6395
2529
4341
9544
124
8793
5609
5453
10585
10063
11085
5865
2082
9909
11357
10786
5867
7530
5397
7679
1688
7350
3837
8292
3989
8025
5739
11223
6918
10303
9445
667
10236
6095
8567
717
3061
1493
4233
5326
6291
5250
11321
7415
7040
936
5501
4869
3311
11692
7247
12789
2197
12039
8167
11782
4862
808
12247
1131
573
4067
8961
9270
9712
6190
6963
9618
5717
7397
4951
11720
11541
12614
2582
6930
4633
1020
12189
7497
546
1937
4503
11214
5080
2482
5750
1140
7011
6662
3519
1524
1983
122
4616
4945
6173
10535
3977
8586
10765
5566
1671
11490
11033
10206
7612
10981
5295
11229
4991
12522
8484
12451
3280
3486
8983
731
2898
11070
2723
8921
552
7577
5932
908
694
9636
1256
8523
5069
2945
1086
5619
3890
10110
9118
1350
3296
932
5163
5832
3475
9482
3328
517
12189
10456
8057
2296
7459
7795
11208
5496
10751
483
7621
4720
892
12707
2136
10398
1140
656
6672
4133
12477
10503
6894
10791
4217
11110
4588
4355
2339
5805
6750
6104
2643
3124
8309
4599
4482
6911
903
8647
1745
12631
7530
3188
5666
10331
10668
5810
2325
1253
2127
11725
12552
11836
7964
3630
8804
7019
2857
8992
8954
11101
11238
9144
1421
10942
8869
2447
4619
8743
7760
308
1153
4490
10179
12280
11887
5456
9887
10512
6616
11601
2612
1826
8502
6580
4108
5217
3164
3342
7059
365
12606
7164
2135
8163
2912
1844
3464
4164
5244
8053
3730
3337
3705
993
4793
6677
2177
3799
11926
5123
817
12103
3586
105
11872
4247
7206
10533
11704
11752
7180
12790
11226
4124
7290
6031
1567
3806
10876
11377
9985
6653
2287
7847
11817
359
6692
98
3925
3330
3660
10383
11800
2728
5731
11302
8577
4123
6064
457
4021
9077
9727
2689
4227
10042
5733
11428
7410
6653
4760
12431
1976
5603
10543
4675
2962
6583
11823
9770
8658
10834
10183
4186
11435
5325
3047
2085
5112
2059
5626
3320
8565
2718
4158
2146
4427
7265
10392
405
10309
241
7686
3585
4585
11976
9405
6487
4651
818
235
3085
7892
11954
9507
12356
1904
12566
4865
7881
5540
6347
9652
8810
9564
3613
11259
212
3564
10653
11934
12119
12674
12305
1474
730
7041
5513
10203
9388
3023
10141
11845
6498
9255
2990
2014
553
10280
6215
12063
2213
1865
7391
4996
5115
2211
7555
9659
12521
4598
9221
6477
9924
5136
8902
9181
9243
7381
4540
11928
2653
5206
4657
6152
9908
8810
4758
7787
3365
9785
10269
6873
12163
3850
12000
1910
9366
12764
6552
12354
5382
7684
10315
6219
3190
1715
4558
5212
1076
12040
10132
4844
12280
1228
3858
10454
6386
8278
12457
11589
11119
1395
3565
7158
9288
10158
11726
2620
3676
1643
12327
11188
3024
2090
10462
11396
2676
5056
3338
10419
11917
11497
3414
5246
10932
6480
11160
1645
3022
11355
10752
9744
9439
11686
2284
9336
3954
9031
1724
8919
2347
8773
10750
8745
6418
9475
12643
12693
12060
9001
357
2893
8699
9759
8307
5279
11597
1210
2891
1518
6183
9916
1040
1777
1404
7846
988
6319
10043
7493
3401
12544
2042
10317
4157
1619
3212
12756
3521
1222
2094
295
3199
7716
12749
12379
5312
9787
7494
3008
3806
395
4446
5199
10219
3179
4927
223
5673
4426
11142
12493
6276
1089
8937
10501
7773
6260
7367
12774
4192
2807
10109
6469
11885
12266
5052
7002
1703
3914
8794
5503
7844
12041
10958
799
5377
6496
12344
4387
8425
5618
5609
1543
1410
2296
1686
5075
2984
6419
10812
317
4334
5966
1623
2948
473
8168
10112
10889
4921
5936
1114
867
1973
174
4805
10154
6166
2368
10228
10629
4132
2643
5223
472
5839
1504
8842
6933
1551
6044
3159
11892
6201
12299
9658
4044
1163
11676
8989
6199
2459
8184
11647
9328
2598
7132
4412
7514
3462
2715
4290
4126
7807
10098
5577
2205
12555
6765
1456
103
1964
7671
4993
11071
1441
6550
7244
8679
1706
5652
11096
3734
4197
4136
12574
8746
6124
5891
8770
12362
12688
8630
1600
12525
1525
8460
460
3406
2243
2940
2204
4155
6173
3868
7401
7257
4720
6984
12300
2459
3181
7997
6186
6294
6969
1537
10591
874
5516
5431
7494
12770
7939
5469
4014
9181
360
7793
1437
6827
7880
11879
10795
4158
9151
7767
5244
2607
2224
1945
2609
10593
8452
10287
8658
11485
2826
4351
5789
9660
6935
3548
9963
9691
5122
301
11874
2664
3064
12638
4244
3919
1624
10334
2035
867
3761
4934
10671
4317
6105
6980
2724
4149
7096
11868
7603
8069
10143
8416
10408
1968
10454
11324
7201
4255
5599
670
7620
668
2390
7499
7748
7150
4969
6749
5225
12789
118
9834
8097
969
2720
2508
6446
6872
206
1414
1897
4559
5887
12652
12290
11231
5124
7074
3189
10360
2513
9160
3058
1307
8575
11212
11306
10409
6780
771
506
1001
12394
5044
2752
4417
9453
11169
9130
4030
6967
9213
5347
4323
8499
3479
2517
8015
3159
9621
12607
589
47
8681
10750
14
7831
3939
7686
9207
5594
3297
11666
918
4153
10008
8664
1847
10706
8645
5042
12277
11235
5393
5116
8745
922
2131
6642
12190
6742
10258
10460
9656
4293
12165
7837
12441
10432
10250
6224
4205
9012
5227
5336
4358
10668
5687
6533
2051
9252
5493
7865
4117
12128
12797
521
10250
2481
3522
2456
12369
1596
6560
10088
377
10586
7591
10315
9944
10482
4556
8297
9383
12507
1590
185
7921
12109
222
10480
4099
8908
8401
4245
6375
3027
2826
1281
11155
9018
8632
9466
5082
8242
1845
10065
5765
10476
12722
12552
12416
261
8503
9274
8366
7941
3709
8257
2143
5507
4024
5888
3247
3889
2033
4706
9514
10155
4895
2350
3814
8157
10433
3780
459
101
10203
2791
5118
8480
12448
3698
346
9266
6273
9478
11023
123
1065
5369
10444
8427
11880
3331
2904
9711
3959
3764
9734
2752
6574
12798
11117
3866
10806
9158
3623
8000
4729
10622
2816
8665
104
4124
9976
2890
1362
2602
147
6429
6921
4366
7357
6248
4993
577
5226
8455
3574
10336
6848
1199
7260
10657
11571
7822
2283
10602
4527
2074
4719
4577
6588
10244
11990
1017
9339
2936
350
2468
7028
11053
8097
3603
11772
1398
1865
9986
867
6757
8643
3396
6111
8832
695
2311
3689
5212
10171
11052
7179
6934
302
4751
2674
11339
5173
4659
9666
7256
3484
12347
9263
7972
1642
6688
6732
6043
2447
1473
888
6248
3534
4579
464
10860
8165
11936
8887
3449
7776
1054
10092
2650
3085
2435
8351
12112
12622
5743
7361
2
11521
10713
12607
10155
4497
1677
3109
8826
12145
4385
12303
6263
4748
9066
9085
11329
2354
4200
12621
6353
4743
2235
10012
7342
11812
3567
7353
12535
1276
10847
7283
7034
12018
1194
9528
9301
957
11692
5507
9490
7619
1985
11270
7192
11764
1084
2282
4377
1780
6920
9676
9727
6539
10884
3730
7417
12281
3146
12681
5887
10909
3272
7445
4231
11836
7985
8040
1763
5603
6893
8962
59
12239
6401
2185
8489
10436
11871
8698
2909
10542
3924
10164
598
12093
10894
4399
8682
2457
4643
11082
3722
12648
12641
5279
8184
11070
12504
7668
1097
1744
5339
142
9896
2859
4344
12378
2671
23
11395
4759
11047
6705
9446
12196
12207
1681
7045
10254
6905
2083
5294
3835
9905
11569
9461
4348
4474
4169
5728
3788
6238
161
3895
12140
9447
2783
2025
4114
12296
4357
4871
4778
4521
8909
11664
10740
4706
503
10715
6656
3056
9318
11584
6466
9759
11484
4600
9666
10089
9621
3400
1004
1745
738
12505
11402
7489
2365
403
8741
7883
10894
8227
9213
7082
4792
8268
9649
12271
8301
12235
8662
2072
11973
9717
8656
5086
25
2598
1057
3296
750
4853
11508
6912
8963
3756
866
10068
10937
8854
3345
3104
12217
11449
7353
9158
556
6786
8231
10924
7247
12124
12641
10983
776
2503
6945
5061
4285
12211
2004
5680
4155
3411
7245
9979
12056
1317
7615
7379
8640
5558
9470
7012
11166
5465
11364
9554
1484
4603
11682
10830
11248
5895
8524
11857
7509
7997
3200
4567
4354
10344
1830
2432
10364
5090
2826
8103
4278
5064
12539
12692
1633
177
3215
3973
6556
4160
2826
4215
5776
7055
6699
7016
9953
7686
12704
9992
12154
4106
4436
7334
11868
3318
11811
11072
12159
4533
4904
986
1583
3352
5917
5572
1829
2233
3781
5155
1796
434
6596
3704
422
498
10431
12436
10144
11810
8610
3615
10535
3463
6332
1984
3590
8638
10084
2972
5246
10931
3120
7730
10322
1817
7184
12358
2969
7709
8463
11151
324
8507
6860
2915
2437
5976
8248
7299
6969
6406
8459
8859
5885
418
2006
6758
12574
2713
5421
7175
5356
7070
5303
6895
6440
11158
5158
682
5367
8103
9845
11800
2670
3800
1919
9373
4722
1054
11928
3018
2307
10661
2391
538
3586
9383
7840
4594
9810
3951
1949
2360
4529
3035
6891
6185
8845
10567
1165
4977
7012
9410
11979
10544
9974
3956
7778
7133
787
10278
9964
2078
12548
5886
2437
12225
2797
10900
9177
2640
6451
1526
1321
5525
9155
7112
4515
9072
8147
5086
10515
6358
4111
9375
9081
7344
593
10515
1874
11886
2472
6435
9782
1742
9577
11594
6022
4280
6155
9388
7102
2045
33
77
9326
5041
5538
11017
10568
3259
10755
4267
11446
12329
3888
6684
3212
8484
3141
7835
1638
12059
8281
6526
11867
2912
3564
6798
3554
1621
12202
1539
8684
3493
47
10381
9282
9100
378
6440
2631
4299
4660
2159
2152
1646
4836
4128
10733
12521
9740
5396
3901
8951
937
10395
10014
3947
2658
3557
8905
2002
11267
9577
7969
5814
7454
5385
2474
10403
9478
7045
4429
1234
10300
2275
6471
6894
8846
1102
2664
1562
662
5902
6669
1901
9553
7698
3440
6394
7190
4165
4783
3884
8901
4679
4819
2459
10096
5607
6200
5196
8516
9949
1348
10413
7743
7290
3504
1731
3582
4990
6597
7825
2897
3805
6978
12780
9639
10075
9230
7593
324
11976
9436
3113
860
4426
10318
6529
318
11612
12290
1626
6822
12794
5180
5920
11407
3495
2218
4549
8748
12612
9228
8845
1
6536
12129
7879
1938
7471
3290
7077
3384
10291
9465
736
10772
6759
11746
993
7389
5684
4450
6242
1589
12273
4587
5096
8474
11204
7711
12773
2852
6475
11866
7050
12410
10342
10483
9908
1285
11131
8729
12005
5075
10043
12466
2773
5214
8282
7714
7580
6303
1873
8605
9754
8458
4592
7596
3188
11563
12479
3923
5547
7934
474
5400
6048
8359
9086
787
7278
9571
9139
10231
3785
9587
9049
9217
3197
6879
6007
9410
9321
9057
4267
4916
5166
10835
5831
7542
2475
3992
7022
652
10240
9714
2492
10877
512
10575
9670
2125
4873
977
1617
3785
5136
8764
5273
805
4797
5620
11186
7016
11223
12183
6207
5361
11541
3327
8299
127
11873
5625
11384
11099
9573
6441
7812
6860
57
4941
6655
156
2710
10384
7138
9706
3017
1209
4212
8604
9532
12321
4419
10767
2470
12440
11280
3827
1069
6642
9862
10423
6832
12108
12029
8180
5681
3030
12135
2544
7376
12054
4647
4679
7370
7817
9092
11251
669
9744
7180
2661
5330
9790
8483
10308
12561
11907
5310
12237
7243
1765
276
955
474
11669
6445
3093
9176
8786
12577
9032
11845
5245
5664
8326
6252
12181
1592
11114
11919
9169
3088
345
7364
10814
12505
3741
7539
4916
5785
7973
8136
8404
1854
1009
11348
3679
11413
12125
8006
8463
12772
4361
8089
10880
9837
6001
11279
3021
8250
1770
12795
2610
11956
12201
4998
1451
314
4309
7715
3964
12510
1401
3130
8835
5985
12203
10102
6686
3299
12342
9035
109
6737
9301
6676
4831
11493
1859
12150
2805
9989
9315
2460
6181
6402
9827
214
3308
7766
8953
9909
12341
4791
1476
9581
713
1793
9249
4144
10429
12188
10239
7109
692
4140
2259
10510
4575
7839
2582
412
6519
1940
12526
615
5183
3017
8052
11337
7143
2108
826
12528
11890
523
9562
12750
567
8971
2924
232
9303
5252
9190
8077
2925
12181
1727
2258
4918
7602
2809
6515
11345
7090
1264
10691
7516
4775
11543
176
2888
913
6501
6130
6557
8595
9233
7042
11695
4695
9940
5258
7430
12736
6898
8081
3451
1135
5303
11483
6878
691
12301
11273
4612
7450
8755
11984
11693
10912
8082
6972
12640
9026
4573
9493
11103
7262
6364
6853
3194
11997
4916
7290
8753
8163
1233
4667
8820
8220
1768
3529
7229
412
9721
11066
10171
2312
12786
4795
10393
6437
10702
3035
4930
7326
12725
8460
651
5218
4958
3084
1966
3866
407
1425
2111
1430
7949
10937
9484
2095
3236
532
6085
5286
527
2406
824
7400
8246
9689
2849
1367
6509
12613
8209
752
7499
2563
3444
5749
5870
12038
3893
4150
8032
4283
10367
11617
2266
9464
2052
7289
1905
2076
1003
1483
1302
723
5817
382
11488
9118
7824
6575
6701
10392
6462
12791
10356
1642
12562
11072
4280
10459
3096
8125
1689
6699
7313
210
6028
11683
10286
12742
1958
12492
4645
7996
8604
8623
4623
566
9784
10329
11571
2931
6996
11220
1384
9096
3917
9631
4423
8263
5579
12647
12721
1700
11726
54
49
3782
160
10527
11495
442
10713
2725
2356
5179
8369
961
10520
6518
685
3911
10816
7118
165
6016
11398
5301
11549
8022
8886
4449
2094
2000
6583
12327
10825
8015
6289
12600
2914
9929
8783
2218
11116
2995
879
4003
12616
472
6529
8109
3657
7888
6637
4361
6438
10554
4590
1547
9775
3951
9982
241
458
7865
6729
8918
1760
435
10995
6398
1168
9385
6949
2885
11250
9350
4848
1803
3064
12691
3664
4664
9628
11992
7285
5689
4455
7971
8896
9639
4580
12722
748
1288
8008
5340
6933
263
353
6576
702
8595
12335
7913
721
10108
168
4644
2602
2492
12358
48
4790
2022
7739
1889
9541
10368
8221
1998
9184
3439
12524
11689
4940
7365
4236
9536
12799
6781
6179
10520
1596
6265
9893
8736
9414
8590
2521
4518
7234
3225
8012
8295
2206
1020
1078
11795
9292
12128
8969
4956
12621
5806
2190
2540
9462
742
9364
8399
8444
12008
1695
2522
10426
1562
8618
8134
10223
447
6708
8147
11284
3681
4283
8821
7893
11160
128
6816
10043
11763
5387
1542
9123
8136
1264
12506
11375
2487
8419
11465
8971
4037
3574
11779
1080
4196
6579
2235
370
9009
768
1586
2431
12449
10649
10936
7242
12717
12079
12063
10467
7257
1791
10691
8190
9801
9861
9311
5049
1885
11531
9320
7008
5416
9622
5495
10476
10954
5455
7294
917
1217
4732
10204
7198
1463
1774
5543
4184
2408
8865
2030
1753
1710
9308
2599
656
5662
1544
5935
7237
3863
5471
7419
6534
7342
11971
4200
11141
4106
4359
11808
7545
1483
481
11373
3108
11982
10736
9650
8268
7350
3124
1749
1694
4788
6833
1040
713
10818
2635
11332
5687
6931
6583
4882
4252
2479
4591
9588
11869
8291
12400
4586
2307
9136
8893
10760
1621
128
3196
2264
12380
3304
10332
10557
10864
8709
6106
3378
6048
11978
9426
1019
6101
6810
8583
6661
5609
9080
9845
3767
6004
8541
7347
3734
1080
906
2818
9951
9293
11894
5766
4756
7584
10974
8032
11986
10229
970
2298
4441
2802
4286
3032
10190
11152
6776
8781
727
6239
1031
7493
3650
713
11212
7019
7204
12592
8914
9569
9752
9405
12198
10547
3492
2296
9596
7662
9482
524
1207
7486
529
8865
1389
1641
193
5961
7168
6120
8655
12729
11460
11145
2280
2262
6229
2530
744
910
2498
4622
5914
2696
8167
960
9891
10385
6599
9376
8092
2329
12294
6475
10553
11688
2948
10904
10705
9673
6389
9790
7386
4171
3937
3884
2348
9854
8644
8966
5814
2823
4056
10559
9126
7608
1002
10747
11912
3100
10272
4679
4341
1124
3729
10536
4814
9108
6460
12519
2458
45
7578
6543
10205
1533
12099
7234
10227
2066
2339
2611
8100
3745
5801
12109
10279
4513
1157
8786
12441
7562
11188
4829
10295
4082
11236
9983
1370
12609
9211
3712
3579
2905
7332
11759
7344
5451
8989
3559
8567
2915
7043
10966
10384
10499
10444
8345
3374
2481
12665
847
9558
282
1271
7153
1407
8872
2351
12265
4413
7880
1482
11833
9499
1558
4357
4125
6179
11269
2846
11885
7924
3742
11236
5937
9599
12333
4650
3600
9070
1044
4519
2296
281
1295
11710
8169
9271
1306
2222
6367
3210
12546
2304
7557
389
7364
1255
10140
7880
8682
450
5391
8373
3308
5322
6400
4023
1307
6233
3457
12673
11686
2385
7503
1590
8063
2338
1073
11127
11901
12610
1048
11615
8428
2609
5546
5145
6774
11252
1548
3932
9015
739
2699
5852
11283
4219
3424
9244
1923
6846
9921
1614
6725
2297
894
2435
11793
6193
7283
6996
5316
2785
12192
9092
8577
5484
8395
10702
12013
8375
669
11273
1051
8154
11943
2181
7065
2113
1824
10766
12257
8979
8632
1668
5677
2801
1949
4321
9376
6991
12265
9295
4179
10458
12502
5981
10763
2378
3372
2972
4558
905
4606
2792
6306
6354
4216
7711
596
9163
8128
6294
3822
9050
4023
2630
11623
1842
3914
11698
2468
12063
6672
120
7493
9394
12135
4081
11019
12426
9814
4594
5868
4278
5727
12291
198
10924
10366
3170
1462
5794
5491
4970
4067
1518
935
180
9167
6503
1266
6688
10308
3689
649
8037
5382
6690
11874
4511
6413
6617
134
11699
4308
5801
5253
10294
1701
9763
4432
3185
2088
7657
6222
11500
3639
11558
5975
11395
4478
10339
10641
11149
12470
9416
4897
8287
4650
11412
7517
6945
1737
3663
11754
7677
1476
188
214
351
9207
7982
5826
8717
2771
10653
2966
3511
5024
7048
3160
8265
4698
1318
6245
10415
8635
6001
11885
4687
11264
1270
5545
1127
7004
5276
10731
12457
9421
3380
5135
10832
9764
5223
4075
12348
11927
9217
3298
9151
11666
9972
12403
4827
1324
209
664
3457
3846
8514
6314
5773
10231
11132
10671
11959
9886
2007
9968
8811
12084
5184
8820
8405
1314
2932
10315
8644
6694
3749
8571
255
9536
12675
9570
3318
6394
7072
9020
1708
10838
6254
10542
10613
5354
6010
9519
7224
3883
1280
2164
2990
8377
10917
6204
10228
2735
3994
2129
1367
6900
9088
9283
12158
12469
3894
5148
1383
7493
2750
8502
4118
9860
2342
8584
7231
9262
1161
6764
6774
11721
8463
12330
2336
4781
2071
7635
5587
11878
10129
12331
5440
9601
9024
10541
5923
6263
9479
4059
4829
12461
7510
3484
6723
9726
7609
8689
5864
618
5873
7951
7394
6831
991
6461
11704
9663
8574
5759
2973
10019
12718
12052
4540
2956
11684
2339
2499
6146
10012
10442
3267
2791
3209
2398
8127
1607
2582
11979
7126
6279
8440
7330
2088
3595
4525
1604
6272
7017
9836
5023
8411
2971
4246
5156
11776
6718
843
5857
8834
8382
3361
11557
11153
6025
7106
3553
7960
11570
6492
10108
6853
5793
2318
3061
3452
12596
2373
12607
4549
8992
5975
11557
781
12646
381
393
10527
6773
6926
12054
2059
6951
8208
8909
1794
9240
534
8925
8874
3237
2010
10719
8528
6478
5941
3937
698
10341
12666
8279
11213
7465
2855
11193
11253
10680
7030
9703
6673
10162
499
132
8528
2593
992
8832
2238
850
7182
10701
1119
8411
10250
11675
1499
1800
5659
10361
7095
8900
1553
4278
11056
7913
3335
6058
3503
3500
6373
4788
11073
9164
3290
4236
1056
3740
2087
7582
6718
4938
504
3828
3612
7674
8828
6644
2222
1191
8954
2523
12271
9644
3777
394
3847
5214
8888
5507
7263
8362
382
5095
6536
7953
10028
6253
8748
11628
6606
2541
4576
345
1753
5042
11677
1141
5967
12723
10394
10175
10540
3606
9619
28
4587
7399
1436
3693
227
7847
12706
4339
452
157
12533
305
3722
1861
2037
9677
9594
3106
11323
1548
3636
2961
4751
309
5046
904
2938
4980
10963
5653
9199
4004
7253
510
1527
1232
8920
8841
6639
3088
6731
2734
11189
2290
9303
2599
7500
11663
9004
3556
9147
11183
559
1383
4130
6583
4273
3349
12485
5453
6133
3102
10060
334
6425
12651
1945
2699
8293
1228
2034
5033
409
10796
10392
10427
5100
4531
11047
6213
813
46
806
3138
5239
7437
6518
12722
11560
7065
6156
9477
3739
6069
8302
1476
3979
3659
7743
6145
7555
12595
3808
2970
2995
9047
2642
7033
6128
8046
2317
4177
8072
2450
8395
5239
8077
1482
5150
2489
1652
2599
1193
10745
9691
6634
6763
10733
1940
7495
12716
9263
4314
1263
8487
7294
6784
907
10967
6792
7344
269
12174
5442
4247
1912
6810
1555
6600
3936
4979
4985
9006
9824
12541
5943
2512
1499
3852
8011
10509
11220
590
6515
2625
6960
5002
2775
10995
9133
2931
12738
8633
8299
10424
2754
9449
10431
8674
10405
7713
3592
11768
6732
2788
7090
12040
3647
1372
2586
2788
4479
526
6082
1388
8644
5341
10952
12562
189
2141
38
2461
2266
3239
9125
6224
4096
11824
5473
11598
7399
12606
10924
10030
10510
12535
5444
1064
6643
4039
2829
8495
8669
2529
10099
7411
5943
12568
6133
10607
868
9349
2770
184
7105
8025
9873
11751
1833
2551
3163
3396
3303
2630
12486
2503
7738
441
138
5783
7966
7960
6811
7397
3161
3261
3784
8282
9783
6546
1231
9422
4855
944
5452
6664
4153
8294
3472
6276
9209
8292
4547
3704
10677
1834
10835
2258
11819
1308
3223
6732
8034
11260
2544
9751
12601
7880
6611
2412
10269
5957
9590
348
1035
1498
8944
5437
5029
8916
3582
10896
2073
8078
8802
5116
8750
6303
10596
2146
3963
12645
7467
10022
12548
8611
1642
7700
6290
7897
5513
2477
6116
10883
1419
8406
2359
5643
7418
1979
1053
404
8850
856
7079
3200
12699
10671
8629
5106
10797
924
2844
258
492
1917
8774
2769
7601
8379
7795
11854
10796
8860
454
12174
4711
3017
2192
6895
8868
456
1834
11096
305
9839
7525
5828
10412
11174
949
10598
12718
5303
7791
4447
10337
9921
6083
8967
528
11037
9528
12441
12518
12556
394
8747
6486
8120
3221
4349
12137
2118
911
4708
5491
3666
546
8504
8222
4613
9744
8960
8762
11479
12619
2978
3756
6290
4327
1448
6898
11036
580
12212
7464
10189
2134
7840
3290
1790
5674
1907
1693
11564
9713
9817
1060
12332
9567
1208
6818
11049
449
5566
9053
3575
1261
6274
1360
6076
11437
11623
3777
7737
466
7351
1637
8602
3733
8175
10111
7778
5805
8424
3390
6097
975
9430
12633
10090
3101
1299
5903
3196
7065
11227
10420
10953
7014
550
11933
7573
5432
12784
8080
8820
9379
8812
5698
8416
7853
4865
2862
10903
3591
6532
8351
7019
9069
6761
6980
3314
2482
6289
2918
1884
872
7448
12182
8637
4217
7825
5481
9887
2235
5634
8662
6805
9839
7715
8864
8542
7725
11584
5851
10187
4695
9295
2029
8180
3922
6330
7573
9495
3627
11758
1359
8046
11518
306
2383
3291
3451
1468
3377
8187
11176
1149
3761
402
7339
8150
5428
2390
9766
2088
10026
4849
5965
4026
2426
11855
7962
8300
8858
1758
11048
241
10834
2542
7699
5577
8388
4842
7007
1840
5604
7440
4893
11308
2
166
1391
10114
6865
4376
9892
1840
8019
7991
10449
12363
2505
9525
1381
5565
10035
1919
6519
3168
4074
6837
11198
11587
9416
11198
10770
843
5335
2707
8978
3536
1148
10931
7007
11370
7355
11483
7158
9287
8171
8064
655
12797
4753
12532
5273
7213
1003
336
9032
12002
3422
9624
8658
10875
1316
3018
894
5954
8923
5717
5028
12034
12136
9963
7869
10413
10930
5007
3348
10527
6454
6221
3318
878
12413
5630
4181
2127
10869
6617
8506
7449
10749
10376
12326
5731
9880
9694
9662
3927
8513
1614
10658
4861
7965
5061
5355
5622
12282
555
10702
7910
8879
2129
8564
7297
957
8397
278
11076
11520
6923
11566
6529
1767
10051
7055
12631
10715
11365
3745
4749
7667
2352
3769
5462
8444
7938
12066
12130
9518
8127
12577
12798
3667
8933
8808
428
7930
12460
5318
11913
8096
3892
5939
5830
6553
11193
3888
2742
3133
4388
3702
9182
4929
924
5786
3526
1691
1440
7764
10888
4093
10767
9534
8847
9542
4952
8580
10376
611
5124
12743
4880
4051
9738
3453
2048
5620
11991
4989
2554
11126
9621
10016
10576
8815
11501
12534
8916
3935
10681
8452
1185
2071
6627
7374
8472
1866
7531
4564
11646
11855
8275
6195
11385
4727
4621
3359
9240
11299
8827
10673
4528
10396
6613
5030
10353
9239
3264
11518
5410
11599
7858
2736
8860
4942
9313
796
10251
9726
6679
341
5801
11493
6718
1828
9471
6720
12257
541
7531
12207
7026
4660
8329
1101
11399
4304
9782
7420
5508
4794
1651
1800
9837
7112
6290
5837
4584
8246
2542
3607
10177
9888
4134
5840
6031
3491
2791
7260
5604
5831
1645
6453
2356
6222
7132
5436
552
11607
752
303
7093
2357
1572
5695
10219
12276
9420
954
8234
11594
975
6916
7609
5087
703
7000
2040
1253
12359
7236
1928
2892
2914
7836
553
8277
1280
7368
7
8653
2437
7674
10270
11464
2857
1419
6586
5596
7311
1409
5828
1537
11095
7181
11818
7033
9395
7897
7963
3833
11038
10002
3471
1773
7872
12611
4165
10519
9814
1480
3860
1945
10254
7490
7257
810
11056
1033
6168
5283
12487
5324
11015
7074
10291
3952
6765
12683
8620
5397
621
12540
6234
7186
5920
12187
4489
3550
592
1855
454
6253
12101
2912
4124
9029
3048
4427
1735
477
73
3369
9848
4196
10076
8876
11880
8782
12452
1580
4546
7276
6032
885
3924
10763
5092
11822
955
10836
10814
5403
11823
1719
113
9868
3361
11194
12714
3095
2008
1941
10183
12204
10246
2874
8628
5186
7208
6475
7066
10988
7409
2418
2758
203
8086
4751
12295
9890
8134
8452
12205
9730
9221
2700
5118
12394
5005
3056
3602
9098
3878
6355
11614
8487
8110
6443
3904
12478
5229
7520
9171
8037
10400
4028
3108
5001
6531
4725
5269
3472
10015
10228
8782
1117
3039
11994
3661
10309
5010
3413
6811
8505
11208
3478
10983
7545
4161
2943
6695
9459
6239
11736
4925
11954
4786
10732
12114
8844
2300
6915
9894
9289
10630
7374
1061
2453
2900
5651
2050
5449
10999
10592
8986
11333
2363
5870
2763
4865
10446
7081
12594
836
1885
10860
11429
2534
3174
1167
7964
7534
7674
758
183
4472
6249
4798
11662
7171
8392
9563
12328
1694
6797
230
11104
6820
3675
2382
4205
9944
639
8356
793
7782
6324
11821
11920
8775
7516
12003
5537
9044
10907
2248
8767
6636
10412
7941
1845
4327
4398
5924
9140
5744
4683
1103
11496
11347
10825
4796
456
483
1229
6842
2648
2448
4720
11418
611
2634
8196
6197
4831
4747
6592
1252
1229
7066
9969
7726
2266
7127
4045
9885
7892
4982
4436
8038
6584
9465
9024
905
8392
7083
5141
7141
11840
7150
1104
2348
109
5949
959
2599
10187
9707
10592
9467
10195
12512
3184
950
10122
8478
10572
2252
4075
12582
11259
3130
3276
5051
7319
8133
5049
28
4595
6930
1606
3023
11795
12248
6800
5102
1134
371
4706
2517
3212
12393
10900
7
6778
2921
581
4114
7555
4514
8622
11646
3083
3563
3498
6840
196
12443
4853
9305
7121
6740
1395
5362
10643
3659
8893
6771
495
2793
8599
7785
29
11369
11739
1417
6651
9611
6656
10305
8068
2358
5404
9489
297
4758
3050
636
6136
7572
3558
9008
2645
4290
10995
9715
900
3609
2052
6103
101
12095
671
11947
9903
6610
11525
9166
5544
8298
6425
10211
5542
5504
4727
344
8986
6480
3111
11898
4392
2632
5674
9709
7498
8945
1357
5463
6194
8593
10975
11946
12413
12251
514
7162
3837
8010
2313
11451
6472
5793
4936
2767
1200
3525
7832
3936
7393
5001
6814
70
3834
4962
11482
9661
3204
4705
3108
6920
5317
11477
7729
10197
11734
1649
6461
1329
11738
9595
9486
452
8328
2075
2529
5969
7896
7132
11461
3185
6581
2901
8272
4391
3767
4474
11541
9557
3354
2497
2880
105
6409
12416
1386
3965
5714
11224
124
5935
11729
2987
2077
10080
5931
12646
7872
5833
5972
5441
9626
1752
4511
7363
7543
5441
6501
11836
7073
6979
11491
735
11469
6266
2134
3866
11946
4982
6578
12634
11874
9734
10682
7697
6173
5443
8692
753
4486
11000
241
5679
7376
1511
3572
410
6673
10926
1608
4857
6680
10356
11832
8549
2364
10037
9221
3657
10359
6790
9163
3311
12570
9578
4967
6686
7248
890
7385
4398
5197
4021
3952
10729
288
9791
7700
11678
5419
2361
9377
12744
6645
515
6967
3915
1742
10700
7247
11635
4100
8718
11131
7425
12148
11450
5510
4261
287
6824
9754
5450
11756
3033
7477
5110
1495
6854
9626
1744
9044
6692
11368
9047
11342
9767
2945
3467
2415
7152
4475
6014
10430
6379
2281
6323
933
6909
3938
6495
933
8338
9954
5661
10699
3836
378
827
1772
4673
6682
10149
2767
4033
464
6121
11121
12312
560
4516
2999
8503
2238
6130
7619
4929
4784
5005
3668
1902
8448
419
8259
11764
6480
5528
1980
1516
4555
8796
6718
2207
11527
9169
12289
6144
906
3281
582
5418
8152
2111
10300
12608
5960
4516
1563
5558
8345
7762
8443
5938
322
11624
2864
9697
8835
12320
9981
12592
6316
2607
9973
11677
5465
5070
5655
10130
3491
3822
11017
6488
7384
7850
4702
202
641
4647
1176
809
288
8433
12068
6157
990
2762
1595
11318
5526
6897
6528
2791
9782
12529
10708
6180
7994
1834
10143
159
484
3025
11159
2426
10725
6573
10461
10539
12566
11148
9459
11341
8395
5526
7225
4184
1986
6624
2586
8118
4036
10923
2606
8550
9267
1033
6565
4593
3212
5172
8881
12395
11063
4309
8204
6865
5826
11332
3190
3699
11800
3415
6141
9537
2139
12790
1143
9895
10149
1361
4766
4811
3492
2113
7793
984
2998
2045
12241
7962
11388
10642
6695
10988
12189
4494
2822
3035
6633
11213
8794
6693
6746
1032
11019
2294
7467
8350
7001
5504
10417
11413
4739
11734
6109
10154
12789
903
5595
9484
12019
12183
195
2889
3273
6316
12198
9126
7064
8790
3483
3832
239
9911
4078
6761
9546
12152
1238
1252
4548
8428
4581
6836
9585
3160
392
5034
5836
2789
10819
11986
8417
6357
8354
806
9926
282
3932
5101
7892
12373
1471
3608
11670
2192
2797
7124
3945
9668
908
1801
1477
1173
6241
12528
7520
1857
1941
6703
3036
10370
1487
11003
3447
11701
11024
6555
4730
5916
8575
3020
7182
6889
815
6620
4023
6123
8239
1132
2942
9790
7998
11794
12182
3519
191
6958
7453
6737
8709
2385
935
5822
11913
5630
4590
2226
12172
7669
7317
2562
9067
7098
2646
962
1904
9839
12519
10910
5058
7425
5081
8517
9759
6941
5689
6086
11110
7389
7687
5725
8942
10208
1349
5822
9523
5240
4254
1153
2681
6993
9133
3448
11165
12200
2194
1358
11486
2280
3595
10914
8147
2819
4101
6267
1205
11569
5909
8402
3093
5729
1397
3643
7530
10256
2940
3124
112
1318
1514
12411
9845
5788
11358
11116
8273
6652
1576
10589
4810
1329
9840
1993
3828
6689
5090
2947
11049
9443
11807
6708
12594
9305
10510
149
3158
6454
955
6760
2055
8504
3211
6273
7021
8500
12235
7184
4823
9358
9847
7150
9667
4485
11754
2929
6893
6626
3727
620
8200
1507
2642
7495
4248
7768
10909
11201
4858
2195
5402
4185
2142
1481
12294
3865
5195
6781
7664
2840
2975
7389
5377
10478
11307
6891
7550
3308
2119
11313
679
5583
5546
628
5884
9115
3591
6989
3698
10496
12240
10009
10775
107
8865
2494
2694
6670
7369
7527
7385
3432
3680
3359
8960
12577
11685
1551
9854
6167
2811
11785
3629
4687
2270
6568
9253
5344
2330
3643
4111
11657
315
3032
10290
917
3906
12798
11557
8190
6219
11870
2993
5467
10684
10228
1756
6229
6209
4712
7502
3791
3805
8397
12463
6147
6649
936
1483
11052
9034
12401
4283
5861
12249
3482
2975
7475
1157
1283
7843
932
6619
9331
10368
5712
1643
8666
10113
5280
2018
5623
5647
6592
9463
2616
4990
2317
5841
247
8986
8222
2114
7003
4548
5805
6062
8057
8781
6801
9661
693
9303
4996
11616
2065
8839
5470
5188
220
12267
2563
1623
2161
9021
5355
9313
8921
4475
9029
2104
4650
8421
1179
2305
9482
10147
8870
11654
2474
6804
529
11505
6422
7984
10998
4775
3263
1108
2614
1572
3816
4083
1709
10807
881
7507
5986
10304
8960
4739
4359
552
5062
601
2682
10650
2150
9730
11650
10893
2726
11756
4606
7533
2556
2568
7913
8750
7563
12265
11959
9269
10379
3957
2878
10661
7262
5490
9611
2014
279
10994
6545
7317
9480
11045
6977
203
12275
3942
5824
3406
11864
4770
5253
10500
8116
2275
10138
5337
2177
10284
1851
11203
11849
2812
2206
8372
680
8212
7717
12522
11770
8304
10467
3817
11457
4281
12217
5536
4294
4734
2307
12420
6617
10648
2833
11423
5042
370
2546
831
11771
10718
3660
277
4957
3362
7743
4420
3303
9999
4449
8027
11452
5131
10494
10127
5826
9136
7971
12319
11926
8125
12520
5395
3142
1404
8780
1780
3724
212
8122
3366
9544
7228
149
10271
5490
6102
10475
1859
1512
3294
1205
1005
11652
5279
24
2745
3368
9722
5195
11017
6455
9689
8134
2841
9429
1137
7960
11131
3711
8196
11275
2600
1048
5137
9089
5116
10353
12403
2620
9522
5817
8582
6746
2849
6066
4032
9976
12608
6437
9340
7019
2665
10912
11632
2512
9930
10762
9291
10216
9942
316
6387
8180
4936
9170
9748
10126
11725
6622
4088
2478
11246
1643
9614
5343
8148
11395
3778
5811
6373
1380
11977
11529
8631
5986
801
2056
6351
516
12423
7841
5481
5709
5099
792
9753
11267
5842
10363
1739
9197
10823
9228
2614
123
9983
8060
9649
6538
10656
8094
1647
10054
9923
6473
6104
8448
5121
9392
8376
7621
5218
7876
4925
7758
3642
3927
6479
5310
1406
9591
2482
10502
3622
10438
507
9788
6572
8844
3805
11793
682
12020
6183
8786
2811
10393
8022
10073
1644
9971
7954
6070
8910
3821
631
3422
9220
10482
613
1448
4594
10315
3524
1116
9303
4604
3901
2257
10289
2182
12780
2998
1708
10062
7030
11639
12385
8862
10066
2642
9903
8956
9631
9385
5045
2066
4586
5479
12390
1163
5205
10810
1431
5657
4427
432
1876
9954
11009
6044
11881
695
4245
7328
2930
2523
6969
1535
7367
4950
10571
7518
323
11333
1206
585
5911
5858
11807
2720
6078
1694
4835
10067
9129
7797
9905
2961
1434
9575
12727
6233
3659
7451
10001
2503
4292
612
3055
5663
8354
6941
59
1872
244
1416
8166
8974
4009
12710
7976
4649
2626
12361
11072
10126
11023
4053
1389
1753
5275
12547
2091
6164
11903
11257
10535
9980
9613
7791
6281
6186
3157
5955
12619
7808
11533
4369
10894
4843
4293
944
8665
1787
9163
8534
4710
11710
7871
5890
8339
12478
12368
8040
1396
3521
3787
6649
12440
1998
10681
9228
5803
6949
4775
5081
5387
4290
5611
6769
1440
11480
9874
1431
8265
10854
1206
4794
6048
10414
3233
3631
331
546
12431
4570
4556
397
11332
3092
2083
11483
12558
12475
7907
12636
6524
1715
664
847
5814
11524
3152
8008
11339
8851
4130
5434
34
4672
10998
2260
11817
3396
6832
3892
12012
6413
9309
7020
7497
9968
11787
11979
10484
3569
8898
10259
600
2060
10030
11171
9938
183
7631
9909
6459
7436
11324
6036
5396
6360
8731
7269
6615
1173
12161
610
11160
4395
1898
8227
7203
12524
1547
8052
1404
11346
12528
662
3694
2291
10887
5451
4089
3370
7293
11331
5376
10678
1117
7900
11540
9012
366
12787
4088
12413
510
9852
6473
589
1740
2982
1093
646
12654
11748
7953
2438
9989
11133
1815
2251
11389
11139
6338
8799
9260
1693
12035
1267
7365
3043
2679
11282
5839
12203
11741
5874
7651
2919
10123
3523
294
847
12144
6688
10388
10950
2111
1984
2389
5487
9293
3759
6262
2943
8523
4816
5619
12107
6586
9459
12002
3507
10997
375
6229
12510
1391
2984
5022
11503
1235
10344
1326
7601
9003
853
8824
4106
7194
8106
1086
7032
9857
9992
501
11592
3139
3863
7220
10782
4229
2108
10065
9900
3831
4974
4728
5213
9012
10626
9988
1792
6727
4679
3059
11187
4412
5595
11968
5394
8618
12740
12021
4454
12162
1173
3672
3673
12121
7446
10266
7023
2007
6108
1434
6004
7002
1496
8905
396
6188
11050
1326
10741
4769
10379
4139
7647
10567
6174
4292
7814
9355
4060
6192
1393
5186
12235
6292
3217
5860
9336
12307
3633
355
9780
8603
3181
12484
7620
10821
12469
20
10724
4904
11432
10442
1992
5545
6953
12643
3700
11483
1685
10734
11565
10792
4992
4810
921
2719
8740
12635
5908
10083
1875
566
7671
8432
9127
10925
1330
5895
3526
2040
9731
11251
2410
1583
4241
6664
2353
12321
12727
9159
11291
10057
5788
10476
11392
6768
9046
4560
3242
11292
9229
1629
3745
6023
7173
7491
1009
2584
6820
2022
1542
7071
8677
6333
9793
10040
3994
4656
7570
8711
12484
4879
2255
6600
11496
2399
7863
4195
7100
2440
335
10295
8322
5138
4697
4982
2751
5145
1236
2779
5998
6979
115
8883
4626
10863
12271
7856
5026
5639
12791
7647
11329
390
9584
1607
5295
10526
2715
4901
4466
9095
2034
2931
8099
3908
115
4486
7404
5213
1803
4583
2891
8424
102
6203
11673
10624
5681
4277
1868
2883
10642
8870
4074
1974
2960
8564
11570
6231
477
4918
5007
12444
12009
3737
9146
11689
7594
1579
540
4862
4874
5277
5770
4929
113
651
5598
2570
3262
8159
2252
2622
12413
1338
6421
8616
267
11033
7017
614
10841
6431
11979
998
6190
8046
12766
857
8376
9031
50
2728
2179
1555
3854
9659
8593
3610
3135
8824
7658
12452
12525
5199
8914
6055
634
5445
1541
8729
10771
1003
628
2948
9996
11983
12339
3815
4721
10100
4299
11475
11335
8894
5839
5373
5973
9931
10854
7401
9386
8368
7263
7989
1473
12452
12053
11848
9742
9397
6551
7045
3317
245
11908
9062
1271
2714
1491
12725
10522
7755
10048
6541
232
5740
10537
3423
7991
4001
3336
6013
5551
3091
1841
6948
11415
12580
11155
9759
5143
8797
5916
2479
2618
11284
12180
1224
7417
2361
10145
7654
7552
1192
9376
4599
10711
6776
9617
2849
11657
8597
3307
9610
11098
988
6846
870
6276
9824
2538
1708
3769
9147
8939
1229
7707
704
11854
10319
10864
3112
7764
6938
12425
984
12229
110
5917
5467
6179
7762
4242
4459
10740
5052
12052
5190
944
5990
6382
12693
6481
10687
3932
6655
8119
12724
1328
386
2669
11409
9777
223
3746
9083
8712
11602
12102
1271
12537
3376
11699
6132
4125
405
6775
254
9018
5928
10724
648
3086
9956
7756
8280
5070
1128
8080
1164
4661
5073
658
6240
7594
1374
8917
8095
6778
9421
7226
4098
2431
2650
12069
2
1317
6419
3275
299
9784
3163
7755
9339
3318
7083
10774
10107
8925
11013
11341
3165
3064
11046
6569
4283
3569
5541
2832
12622
12720
4123
2620
10249
2392
2196
11941
9515
3815
11609
8781
3721
2431
6458
76
11941
7265
3400
952
2411
9986
130
12620
5066
7665
6286
4689
10134
9022
3518
10930
2657
3207
12512
8448
3753
1624
1823
11342
8213
178
9633
8188
2757
11410
3112
9237
824
5277
9504
3042
11154
11288
7755
1259
5548
7996
2359
12277
5790
4350
9834
12725
5753
2039
190
11743
7628
7817
8012
11342
2718
1381
5775
12532
220
6478
12773
12588
9131
2962
9663
5940
6774
4002
9706
614
8075
4852
7898
174
7706
3776
10948
4224
2910
12225
6587
4594
3289
12142
3112
6250
457
7896
11954
10100
10587
10805
11484
3099
965
2046
2911
3865
2267
1283
4373
6540
7077
8644
6720
1762
5454
10890
2003
1641
3776
6673
2441
7923
10129
8241
8427
7907
6977
8034
4722
11864
12441
7663
4480
7862
8460
6670
5032
7291
169
4418
10403
12409
4000
5938
5688
11581
71
12270
7988
326
7829
5372
11510
10039
8867
7499
10863
3315
8292
10297
9401
11586
4382
2345
3843
6508
6330
6566
3711
5834
8369
6112
11136
9847
8335
9451
11019
7672
6962
5312
507
6285
9727
4773
12427
4086
1969
11065
2980
6725
9632
2177
8145
177
7897
11052
5106
4054
11318
8270
7210
1764
11550
11678
10806
6701
34
7084
7984
6844
4518
723
8236
11328
1615
7472
3352
7212
2512
3909
10761
5385
2787
1478
11595
7273
7273
9685
4501
9889
11725
486
4197
843
9024
2339
12040
3163
2896
3282
9498
10286
6327
3210
12492
8166
522
5706
6265
2657
5311
2762
6424
1904
12337
9420
2286
4276
6321
8872
4282
558
2870
9420
12700
7344
4697
11811
1299
10809
12594
10423
1970
5494
11966
6897
5245
3284
12164
7119
9404
3638
10576
1463
3061
5463
6095
3204
4830
6182
10355
6632
3896
11475
5910
11190
6599
6260
10405
3751
784
6353
5797
8381
11833
9010
11677
1990
9031
8931
10453
1188
8523
2955
5293
7319
11865
2781
5128
4654
8187
3857
6786
5430
2328
4106
10227
4033
9356
8067
321
10319
3303
12370
5091
2986
11366
8928
8820
11700
2404
9295
7775
10437
7496
2851
3045
2662
9599
1590
4624
11804
10825
3485
1520
2379
9365
8137
10929
8532
8101
3116
9310
1277
6370
6610
5384
8908
4052
881
10798
8677
6995
1462
3300
12157
10466
5419
7833
10792
9722
10980
3721
4191
6762
9321
2915
11701
7522
262
11371
8481
3234
6963
8728
6320
8568
11764
6018
6419
932
2049
4100
10645
9391
11570
3323
9022
6785
11398
3354
2704
1293
7055
6918
8717
7360
8255
9952
805
5531
12160
1913
5042
2182
7462
7807
2562
6422
10889
9729
10922
11371
1637
11238
1255
3294
1260
5547
7909
1113
9373
8825
5463
10597
10590
9702
1685
1351
9450
9991
4793
9508
4467
2918
3538
3031
1807
11636
594
1060
12076
7525
2950
704
2615
4149
1803
3115
3547
5855
6377
5134
1263
162
7608
2578
9887
10400
5256
3090
527
4945
263
9268
3479
10478
12012
12250
1770
10868
11193
2967
2401
3169
3330
4549
4928
7207
5395
8257
7577
10387
5705
2177
7501
3114
6405
12667
6037
2821
9209
1072
1699
3953
12784
1259
11750
5097
3642
3334
7888
1793
11681
11676
10749
6327
5215
4419
5900
7760
1242
4773
7609
902
7875
732
7078
3541
2158
4455
12772
4499
10985
5914
11404
5332
12348
1201
1429
11792
4091
693
2580
9111
6637
6646
4777
7297
11259
2152
778
9975
6948
6031
6394
7530
12056
8588
388
11314
5143
10049
9606
2574
595
10828
12679
3562
12496
2683
1951
8733
11661
5621
1642
9241
11514
9321
11066
835
10112
6211
10249
10991
11390
6010
2945
2334
2547
6783
2631
12237
2554
8963
183
9169
8775
7918
11559
9548
12220
6420
9641
5098
1178
1586
8384
3161
2628
9405
7837
6335
12735
1167
7305
4299
4400
1964
8644
3802
909
11496
11953
9106
6655
3501
6589
11134
939
7982
4543
10069
2322
11557
11826
11557
4410
4576
4708
11418
2796
1371
3664
6110
2472
5921
10799
171
2918
512
7006
4087
9629
9294
293
5724
7333
9081
1448
5185
9569
5460
12122
12591
5915
9185
10075
3502
10628
7534
504
11057
2673
11294
10866
5925
2527
11268
7432
11924
12677
605
4959
9456
7601
11506
1403
7468
10651
3886
9020
4381
7612
11115
6388
4412
1301
7585
5112
948
2586
11070
2223
6098
4704
5412
11023
8026
3509
10835
8091
10763
7736
6434
7731
3018
6218
4692
6898
11615
1623
2784
2110
4058
4451
8825
1415
1367
11245
6682
8088
5722
10739
12605
2357
12022
6586
5561
6741
3549
10567
12060
11932
10989
11286
5899
2638
11979
2944
347
9629
12056
11108
9085
2472
2910
12063
2535
9816
10241
2352
457
6788
6487
12746
4910
7642
1409
5974
9984
1655
8110
9887
2504
11800
11627
4602
3176
1139
347
1264
9617
11458
7675
11867
11715
10575
2913
1251
10871
9267
10494
8724
11394
12703
844
11104
12396
1210
6602
4341
3834
5946
9008
2426
320
2278
10595
10846
1519
4977
3760
8429
6650
126
5605
5516
2274
3688
2223
6339
3516
1807
6912
9057
1406
11727
9294
6594
12749
4526
2086
7067
3678
7754
1709
1371
4674
3785
10881
1225
12076
8610
3572
11239
3892
10938
1422
11585
2314
5358
4536
12418
9730
3095
2957
1359
964
12014
9191
10004
7534
4636
5563
8711
3820
12067
8835
12572
5639
1011
8230
11556
7087
10411
11387
4735
3162
11917
1791
11096
11994
2131
10450
6345
10214
9392
11540
2642
3205
6114
3726
3349
11898
11022
3546
1378
1190
5848
5756
12078
2863
8048
8345
2538
2475
5612
7457
4596
9542
9138
296
6392
5513
977
2506
880
11988
7484
10462
3308
143
8084
6599
1376
8375
4367
5001
5779
8689
11962
4875
10255
7499
12514
7617
9077
8805
2965
2074
7985
9587
12158
6505
2097
2396
5778
9707
8658
728
7917
4277
8472
7664
6550
7542
3231
6443
11883
7425
10999
12331
9839
11716
9078
6886
4198
7007
2452
8538
8026
11291
4170
4542
1186
7593
1694
11412
1179
10955
539
5100
122
7863
3380
6815
5571
6236
342
4804
5925
8626
12047
6474
7761
7147
10423
5513
195
9532
11604
3836
9759
1706
9467
3531
1447
11688
9463
11260
11688
3089
8220
451
2220
850
5330
1920
2606
7004
8503
12512
1621
5505
3283
5448
9052
11373
5825
1232
1802
7416
8005
7338
1576
8926
5190
480
5210
5508
12198
2038
7865
549
12680
8189
9497
481
2180
8517
1235
9008
10384
10769
7155
5486
9659
214
232
4885
8476
7131
1867
7925
2880
3600
2233
2583
12047
8245
12113
7452
1739
10370
8267
6081
2050
8753
4699
4698
12655
10573
854
8318
12618
2833
10194
12796
1003
6266
5936
6026
3153
9096
160
516
2810
6215
6086
7935
7676
10810
9106
5330
1640
11595
11556
4979
9344
6049
1474
8819
5872
4612
5382
6693
1687
10838
7721
4352
7766
10926
3626
11271
2325
4768
406
2261
1586
3987
2759
8278
10498
9034
8172
616
10253
3205
4458
12645
186
1312
8350
3499
3670
12762
5303
1217
8155
5012
2056
9388
6646
1121
7696
1242
4466
10999
4011
1775
5607
4140
11896
9423
7646
728
1462
3702
12652
8777
4906
6146
2345
1507
10532
5619
10566
7513
8362
11774
10950
475
21
12093
11401
823
8089
537
8506
12343
5690
8752
6163
7664
9733
1431
7352
12621
12726
6740
5658
11960
8391
4366
7822
1948
11029
10368
9504
3259
10366
3246
3869
2743
10667
676
804
11417
12565
7194
3814
12752
11995
2918
7169
2629
3062
12420
11457
6840
11853
4712
8506
3981
2069
9322
8695
3881
6742
4434
1470
9212
4831
7594
8143
9889
5116
12700
4945
8789
7630
11002
788
4705
794
7797
2366
7329
8672
12582
4963
6426
11510
8251
7936
808
9158
8802
2864
7194
1174
1880
3262
295
8512
11919
9191
1579
7367
10660
10228
6067
11262
10115
5222
10863
2857
5359
1136
3009
7043
4421
10156
10144
2927
3160
12432
9682
3719
12503
5844
9711
7463
11931
11022
8238
605
6791
8363
4014
9713
4849
12492
4942
4421
1517
3046
3376
8967
769
3180
10578
4632
12312
8060
4178
2365
7212
10488
6387
3818
3706
7127
10106
11290
4388
6852
8558
8215
10757
12085
12706
8718
5340
12729
11265
11639
1828
1068
7404
11952
3741
9803
8509
2605
8292
11817
12082
3226
7851
5856
5319
5594
4801
2695
10156
9279
5933
10848
11064
9545
1562
524
1557
634
3132
9991
8041
9856
3451
4409
2431
10086
2532
6318
5904
6147
10089
9833
2935
2240
3579
4848
3623
3339
973
3036
10282
10949
2309
4007
3853
6374
4964
8170
8170
8439
6857
6833
4782
6382
9363
8577
11135
8622
270
9360
6521
8522
6177
11591
1404
3488
4600
2500
9596
3746
2679
4438
5297
5756
11980
11382
9170
3732
8903
11315
12093
7552
8473
11177
12556
3862
12253
1276
7567
6240
2005
11901
12512
11818
2345
1704
3478
2943
9681
6652
6320
7823
5638
5735
7364
2645
5151
4822
4840
12043
1720
6586
10304
488
5866
10431
7142
7142
12393
8847
7345
5030
7867
10485
6709
1242
614
6117
366
6608
5171
1336
2808
7585
11634
7317
10839
6979
858
11823
3197
1986
8553
4136
1802
6197
4845
5938
9823
4931
10333
6662
2908
996
11971
6309
6755
1690
3929
2776
3800
4269
11317
8577
9250
484
995
2482
4812
3885
11688
2712
7896
7162
3649
2388
1667
5466
10361
10571
9668
6940
12624
5200
11947
933
12101
6997
356
10421
10157
11102
8621
675
8277
10312
7546
11047
4182
8736
8280
766
7231
175
8717
8526
11892
6760
854
10494
1911
705
2752
6906
12650
11723
8440
8042
1643
10681
11391
12681
10864
7349
4455
9307
5075
3309
4572
10525
10441
6907
568
4460
7828
390
2753
7090
6098
9217
11977
12403
7483
12466
12013
10182
5150
10662
2385
12147
3258
7972
2514
8053
9197
7293
3911
12483
3715
1194
11531
2574
1268
11215
9339
2861
1767
3887
6587
7451
9544
4232
7377
1854
8313
4445
10911
10286
7625
12182
12550
8958
5560
8013
11311
10638
3702
7407
7522
5525
10184
5623
673
5643
11006
4262
8477
10836
7736
8904
7372
5405
7891
12021
11018
8761
9102
520
5782
104
494
42
1653
3495
7284
12413
8598
7394
1952
3548
6350
6423
3015
1391
6493
4098
11621
9569
5160
6087
7686
11787
7093
2988
11130
9501
9546
6875
8010
3071
12117
9797
1051
2361
40
5262
5374
10995
2525
5229
3196
3796
4454
8517
5367
4543
4985
10440
10304
5406
1337
171
10819
8707
7265
10597
646
6628
11445
7973
12352
12203
4580
2141
343
8813
434
11346
7595
8399
11970
9805
10268
4279
1088
3407
5676
3552
12260
1231
6801
4866
2890
7631
2905
901
10510
7987
1174
9326
12154
9346
11429
11875
10976
10285
2265
10511
5868
6355
3152
12078
9436
5667
1271
6916
1240
11059
721
11248
3253
9351
12150
2416
10041
3291
5568
1100
12681
2684
646
3345
4490
7682
8645
7058
7188
5665
3053
12670
9198
9732
9552
5874
1572
4321
829
11581
7511
4245
4271
8734
10178
5041
1785
7255
2985
11404
7557
10813
8163
1596
3077
10202
12517
7170
585
10495
3407
10389
5087
3645
4017
2140
6248
5818
2576
11035
6956
11875
8388
7136
4659
9064
11934
4631
3491
4944
8206
4611
7127
2548
4398
267
7939
5737
4812
9882
7205
1676
10308
5755
8780
6678
11931
6680
4718
10685
5365
6061
1747
4498
8171
4826
5356
9615
12611
8785
12371
5373
5187
10246
3688
2340
1699
2363
9506
2267
9103
4139
2952
12728
6712
6947
32
11639
9130
9609
9450
7998
4018
10574
5174
1711
3284
7377
4600
9153
5608
12047
6891
4608
5185
1287
1636
2906
11701
5444
11775
8609
10006
8735
5418
4880
5338
942
2241
4683
6996
2537
952
9476
7616
2748
7537
8041
12329
9992
5137
12125
9902
3845
1080
134
1453
1348
1947
6471
3311
1023
7305
2327
3673
10513
606
11833
4819
12165
11662
10554
10043
1627
4762
4361
7488
7912
1894
11008
2172
10950
2802
8737
141
3441
11520
7644
6156
4863
1964
10578
6607
10505
3737
891
5809
1878
7267
2874
12491
1017
3694
7207
6951
467
4877
7293
5420
9117
11502
2853
2045
2368
6846
9150
5984
9824
2842
9187
8486
9349
11636
10568
12052
12581
3027
210
10380
111
5392
12564
719
10304
1683
6831
7889
3776
7794
11679
4445
8179
640
4218
1555
11655
1611
8239
3823
10400
11567
1509
6612
6111
4809
3294
9440
9504
10788
2039
5499
5497
12463
1430
5520
8755
2543
1433
9871
3611
9904
10879
4315
10284
3373
7100
1618
10811
2319
12558
7914
8844
4710
2907
10888
3408
6426
6549
12098
6546
6454
9313
8561
11187
9742
3354
5726
9536
4222
11064
122
8958
4014
6908
2443
4489
2975
3407
8952
2435
635
593
10843
12026
10754
2930
8546
9524
1213
11940
6586
11363
9596
12626
4887
2132
2449
3041
10238
7999
7827
908
12740
1836
12772
4607
1283
5448
4783
2346
9134
5317
12315
12578
10897
7876
10670
298
8836
534
4803
2282
627
4329
12524
9249
4823
3449
2959
6277
4103
8579
7772
7719
155
2534
9658
7691
4428
10962
1918
9486
8902
1292
5044
5504
11919
