64
125
17
196
191
114
111
44
122
172
190
188
161
156
70
139
66
38
37
66
185
150
199
94
62
19
40
179
39
37
195
59
93
191
161
187
158
163
65
87
28
125
10
10
162
80
147
115
71
16
187
9
174
109
183
176
187
88
176
76
183
102
34
13
149
145
49
66
26
141
136
73
87
101
174
105
55
70
50
114
30
104
137
183
69
173
130
158
157
70
107
169
92
77
129
151
32
104
24
11
24
84
105
140
23
148
40
79
126
107
110
153
190
98
175
22
106
176
111
64
48
99
90
170
81
87
97
9
30
55
65
91
83
171
125
37
134
35
137
130
51
156
195
175
77
28
102
79
4
143
27
153
130
8
97
84
32
88
34
125
36
25
153
69
150
183
105
136
50
14
180
10
87
95
94
34
131
159
191
34
136
186
103
72
177
167
41
189
14
52
71
101
96
185
154
58
164
167
102
47
