183
556
183
199
344
785
396
778
30
78
752
84
735
246
431
82
50
260
603
514
4
619
450
353
708
564
306
679
654
490
584
691
725
535
730
391
47
359
202
306
539
185
255
619
551
441
601
774
775
142
460
161
137
65
560
166
727
302
159
194
88
334
177
206
120
147
7
687
293
140
267
733
546
95
439
162
513
115
106
459
221
778
375
195
652
57
695
209
199
325
755
415
591
659
678
617
684
448
114
324
239
767
641
73
92
456
310
340
482
440
21
223
246
285
69
242
458
721
115
261
25
386
634
732
238
705
470
618
593
31
686
389
79
417
306
734
539
593
600
641
225
370
276
250
307
758
794
273
448
614
727
25
608
262
106
635
268
513
467
36
278
414
115
417
278
500
78
643
383
716
499
77
636
607
62
434
368
367
73
333
40
292
692
726
497
37
48
758
283
544
499
473
36
475
15
740
445
335
20
455
392
275
705
531
174
200
311
109
521
560
662
32
427
140
608
552
578
772
791
250
761
100
388
650
184
797
406
40
761
464
570
787
645
1
794
177
205
263
337
534
451
160
718
686
613
768
750
341
631
670
745
198
212
634
594
602
216
622
456
688
344
94
555
694
54
111
351
514
788
213
118
708
119
581
6
229
504
38
458
248
22
741
457
426
756
252
560
9
22
281
771
238
778
359
63
611
152
607
158
447
282
230
471
313
165
421
114
541
429
578
400
795
271
628
152
403
210
701
793
754
758
533
673
586
56
297
34
333
795
684
745
657
394
642
784
383
505
321
549
325
528
552
732
178
687
146
434
218
468
28
475
337
752
592
374
688
165
724
381
256
576
83
774
656
61
100
137
54
118
716
562
456
608
662
600
11
150
764
614
407
658
714
219
438
613
685
2
146
34
491
564
758
653
481
211
188
703
670
344
264
106
774
223
578
671
58
449
18
185
3
200
416
410
554
797
509
388
760
641
295
767
555
301
35
560
225
266
104
660
68
197
241
388
206
302
121
239
520
709
646
216
325
751
102
64
99
386
524
49
783
752
645
649
472
241
459
211
147
741
451
590
716
158
88
703
89
650
423
235
226
297
79
310
154
168
561
6
23
546
609
743
692
426
267
18
98
361
55
161
6
587
595
159
368
448
663
303
19
710
599
598
340
359
3
5
673
794
633
78
144
119
150
752
760
412
677
593
80
750
662
21
382
421
148
48
437
451
656
411
184
390
254
799
634
87
680
658
75
483
305
621
99
293
266
521
283
83
42
501
101
228
51
334
77
679
47
108
41
454
714
654
743
224
441
457
576
380
183
382
448
32
563
789
633
67
447
325
703
376
347
766
64
396
550
727
316
718
697
141
513
54
693
645
399
325
63
436
353
372
442
266
436
80
544
437
59
487
371
271
506
236
108
418
123
334
590
640
319
496
764
741
784
93
602
239
407
669
692
556
623
750
565
216
344
6
482
742
624
23
643
255
249
499
166
208
708
524
148
293
29
150
601
656
167
130
352
164
117
395
358
211
753
712
340
465
214
277
279
281
528
542
273
395
114
31
147
789
103
519
558
609
250
368
383
565
420
18
556
751
148
666
149
413
643
777
479
772
502
355
244
24
8
11
145
105
406
579
710
390
415
413
213
255
481
144
221
181
736
689
443
745
638
578
663
362
660
131
263
785
396
331
413
648
124
766
456
64
11
561
593
662
223
761
360
273
388
573
509
784
774
467
20
563
31
568
639
447
407
208
181
163
214
44
200
127
470
722
287
364
362
586
235
623
494
535
719
426
391
287
520
448
37
770
418
300
768
303
19
647
150
439
26
196
748
447
461
447
11
241
4
